"F:\Semester 07\Information Retrieval\Assignment 1\l164333\venv\Scripts\python.exe" "F:/Semester 07/Information Retrieval/Assignment 1/l164333/part2_hashmaps.py"
files done: 1
files done: 2
files done: 3
files done: 4
files done: 5
files done: 6
files done: 7
files done: 8
files done: 9
1 116 5 1,1 1,20 1,29 1,55 1,68 1,96 1,105 1,135 4,4 4,40 4,45 4,47 4,55 4,75 4,84 4,93 4,104 4,111 4,115 4,126 4,132 4,159 4,164 4,170 4,179 4,194 4,200 4,214 4,230 4,245 4,249 4,274 4,283 4,287 4,295 4,315 4,320 4,328 4,342 5,4 5,40 5,45 5,47 5,55 5,75 5,84 5,93 5,104 5,111 5,115 5,126 5,132 5,159 5,164 5,170 5,179 5,194 5,200 5,214 5,230 5,245 5,249 5,274 5,283 5,287 5,295 5,315 5,320 5,328 5,342 8,1 8,26 8,30 8,56 8,234 8,312 8,397 8,408 8,410 8,626 8,715 8,733 8,747 8,836 8,867 8,876 8,894 8,899 8,912 8,929 8,942 8,964 8,968 9,1 9,26 9,30 9,56 9,234 9,312 9,397 9,408 9,410 9,626 9,715 9,733 9,747 9,836 9,867 9,876 9,894 9,899 9,912 9,929 9,942 9,964 9,968
2 225 5 1,2 1,6 1,13 1,18 1,21 1,30 1,39 1,56 1,69 1,97 1,106 1,125 1,136 1,157 1,162 1,166 1,169 1,174 1,183 1,195 1,212 1,216 1,220 1,231 1,233 4,5 4,41 4,46 4,48 4,56 4,62 4,76 4,85 4,94 4,105 4,112 4,116 4,127 4,133 4,142 4,160 4,165 4,171 4,180 4,195 4,201 4,215 4,231 4,246 4,250 4,275 4,284 4,288 4,296 4,316 4,321 4,329 4,343 4,350 4,356 5,5 5,41 5,46 5,48 5,56 5,62 5,76 5,85 5,94 5,105 5,112 5,116 5,127 5,133 5,142 5,160 5,165 5,171 5,180 5,195 5,201 5,215 5,231 5,246 5,250 5,275 5,284 5,288 5,296 5,316 5,321 5,329 5,343 5,350 5,356 8,2 8,27 8,31 8,47 8,57 8,69 8,100 8,111 8,138 8,161 8,162 8,188 8,191 8,206 8,235 8,275 8,298 8,313 8,327 8,337 8,352 8,385 8,398 8,399 8,403 8,409 8,411 8,444 8,450 8,459 8,482 8,494 8,498 8,502 8,530 8,545 8,566 8,570 8,588 8,628 8,638 8,716 8,734 8,736 8,749 8,760 8,771 8,784 8,791 8,797 8,802 8,807 8,838 8,853 8,868 8,895 8,897 8,900 8,910 8,913 8,921 8,930 8,943 8,965 8,969 9,2 9,27 9,31 9,47 9,57 9,69 9,100 9,111 9,138 9,161 9,162 9,188 9,191 9,206 9,235 9,275 9,298 9,313 9,327 9,337 9,352 9,385 9,398 9,399 9,403 9,409 9,411 9,444 9,450 9,459 9,482 9,494 9,498 9,502 9,530 9,545 9,566 9,570 9,588 9,628 9,638 9,716 9,734 9,736 9,749 9,760 9,771 9,784 9,791 9,797 9,802 9,807 9,838 9,853 9,868 9,895 9,897 9,900 9,910 9,913 9,921 9,930 9,943 9,965 9,969
3 75 10 1,3 1,10 1,38 1,57 1,184 1,196 1,217 2,46 3,46 4,227 5,227 6,42 6,208 6,240 7,42 7,208 7,240 8,3 8,61 8,79 8,196 8,331 8,342 8,360 8,434 8,445 8,654 8,687 8,693 8,851 8,1074 8,1261 8,1288 8,1301 8,1338 9,3 9,61 9,79 9,196 9,331 9,342 9,360 9,434 9,445 9,654 9,687 9,693 9,851 9,1074 9,1261 9,1288 9,1301 9,1338 10,93 10,140 10,194 10,355 10,499 10,566 10,709 10,912 10,923 10,925 10,952 10,999 10,1018 10,1044 10,1110 10,1113 10,1228 10,1243 10,1257 10,1261 10,1266 10,1338
4 77 7 1,4 1,7 1,25 1,58 1,185 1,198 1,234 4,2 4,38 4,43 4,58 4,141 4,327 5,2 5,38 5,43 5,58 5,141 5,327 6,403 7,403 8,4 8,24 8,28 8,43 8,292 8,448 8,713 8,728 8,892 8,906 8,927 8,940 8,962 8,1013 8,1055 8,1059 8,1064 8,1087 8,1126 8,1170 8,1226 8,1319 8,1323 8,1328 8,1351 8,1390 8,1434 8,1490 9,4 9,24 9,28 9,43 9,292 9,448 9,713 9,728 9,892 9,906 9,927 9,940 9,962 9,1013 9,1055 9,1059 9,1064 9,1087 9,1126 9,1170 9,1226 9,1319 9,1323 9,1328 9,1351 9,1390 9,1434 9,1490
5 36 5 1,5 1,186 4,3 4,39 4,44 4,53 4,59 5,3 5,39 5,44 5,53 5,59 8,25 8,29 8,108 8,301 8,446 8,714 8,729 8,893 8,907 8,928 8,941 8,963 9,25 9,29 9,108 9,301 9,446 9,714 9,729 9,893 9,907 9,928 9,941 9,963
6 5 3 1,8 1,9 1,200 8,966 9,966
7 3 3 1,11 6,472 7,472
8 11 4 1,12 8,302 9,302 10,248 10,585 10,636 10,750 10,827 10,858 10,859 10,864
9 19 6 1,14 1,33 1,99 1,172 4,77 4,113 5,77 5,113 8,63 8,361 8,672 8,800 8,812 9,63 9,361 9,672 9,800 9,812 10,1425
10 14 6 1,15 1,52 1,84 1,95 1,199 4,79 5,79 8,230 8,303 8,372 9,230 9,303 9,372 10,333
11 8 7 1,16 1,113 4,80 5,80 6,153 7,153 8,750 9,750
12 31 5 1,17 4,8 4,36 4,54 4,81 4,103 4,158 4,270 5,8 5,36 5,54 5,81 5,103 5,158 5,270 8,55 8,77 8,299 8,618 8,634 8,798 8,832 8,918 9,55 9,77 9,299 9,618 9,634 9,798 9,832 9,918
13 3 3 1,19 8,499 9,499
14 3 3 1,22 8,400 9,400
15 9 5 1,23 1,110 1,191 4,95 4,123 5,95 5,123 8,290 9,290
16 8 5 1,24 1,87 4,347 5,347 8,291 8,362 9,291 9,362
17 1 1 1,26
18 10 3 1,27 1,49 1,75 1,158 8,346 8,540 8,811 9,346 9,540 9,811
19 26 5 1,28 1,65 1,66 1,74 1,86 1,201 4,248 4,252 4,253 4,271 5,248 5,252 5,253 5,271 8,114 8,126 8,150 8,319 8,394 8,945 9,114 9,126 9,150 9,319 9,394 9,945
20 25 3 1,31 1,43 1,62 1,70 1,98 8,288 8,349 8,353 8,367 8,642 8,829 8,875 8,903 8,915 8,946 9,288 9,349 9,353 9,367 9,642 9,829 9,875 9,903 9,915 9,946
21 1 1 1,32
22 5 3 1,34 8,38 8,996 9,38 9,996
23 6 4 1,35 8,136 8,691 9,136 9,691 10,1433
24 3 3 1,36 8,137 9,137
25 1 1 1,37
26 10 4 1,40 8,944 8,1305 9,944 9,1305 10,5 10,69 10,929 10,1006 10,1127
27 7 3 1,41 1,46 1,226 8,744 8,814 9,744 9,814
28 10 3 1,42 1,44 8,787 8,815 8,1188 8,1452 9,787 9,815 9,1188 9,1452
29 3 3 1,45 8,95 9,95
30 1 1 1,47
31 5 5 1,48 4,247 5,247 8,645 9,645
32 6 5 1,50 1,154 6,232 7,232 8,132 9,132
33 2 1 1,51 1,165
34 5 5 1,53 2,44 3,44 8,1572 9,1572
35 4 2 1,54 10,293 10,303 10,520
36 3 2 1,59 10,735 10,1445
37 1 1 1,60
38 5 3 1,61 8,902 8,916 9,902 9,916
39 6 4 1,63 8,904 8,947 9,904 9,947 10,665
40 1 1 1,64
41 2 1 1,67 1,202
42 7 5 1,71 4,272 5,272 8,141 8,1284 9,141 9,1284
43 9 5 1,72 4,221 4,262 5,221 5,262 8,1246 8,1544 9,1246 9,1544
44 11 5 1,73 4,209 4,276 4,351 5,209 5,276 5,351 8,129 8,155 9,129 9,155
45 3 3 1,76 4,136 5,136
46 19 5 1,77 4,188 5,188 8,131 8,152 8,158 8,274 8,351 8,529 8,767 8,813 9,131 9,152 9,158 9,274 9,351 9,529 9,767 9,813
47 1 1 1,78
48 5 3 1,79 8,1200 8,1464 9,1200 9,1464
49 5 3 1,80 8,1196 8,1460 9,1196 9,1460
50 1 1 1,81
51 10 6 1,82 1,123 2,31 3,31 6,89 7,89 10,36 10,962 10,984 10,1102
52 2 1 1,83 1,229
53 2 2 1,85 10,272
54 19 7 1,88 4,366 5,366 6,418 7,418 8,157 8,166 8,175 8,219 8,247 8,431 8,435 9,157 9,166 9,175 9,219 9,247 9,431 9,435
55 1 1 1,89
56 7 5 1,90 4,266 4,281 5,266 5,281 8,676 9,676
57 10 5 1,91 1,188 4,269 4,278 5,269 5,278 8,432 8,764 9,432 9,764
58 3 2 1,92 1,203 10,656
59 26 5 1,93 1,100 1,126 1,204 4,78 4,121 4,365 5,78 5,121 5,365 8,103 8,156 8,165 8,185 8,218 8,246 8,264 8,430 9,103 9,156 9,165 9,185 9,218 9,246 9,264 9,430
60 4 4 1,94 4,49 5,49 10,195
61 1 1 1,101
62 7 6 1,102 2,65 3,65 4,399 5,399 10,874 10,1302
63 3 3 1,103 8,307 9,307
64 1 1 1,104
65 13 5 1,107 4,129 4,217 5,129 5,217 8,116 8,209 8,237 8,256 9,116 9,209 9,237 9,256
66 61 5 1,108 1,111 1,130 1,144 1,208 4,91 4,96 4,101 4,118 4,198 4,204 4,241 4,363 5,91 5,96 5,101 5,118 5,198 5,204 5,241 5,363 8,199 8,213 8,238 8,255 8,277 8,374 8,391 8,997 8,1046 8,1077 8,1107 8,1151 8,1217 8,1310 8,1341 8,1371 8,1415 8,1481 8,1513 8,1515 9,199 9,213 9,238 9,255 9,277 9,374 9,391 9,997 9,1046 9,1077 9,1107 9,1151 9,1217 9,1310 9,1341 9,1371 9,1415 9,1481 9,1513 9,1515
67 9 5 1,109 4,92 4,364 5,92 5,364 8,214 8,239 9,214 9,239
68 5 3 1,112 4,97 4,119 5,97 5,119
69 7 5 1,114 4,168 4,307 5,168 5,307 8,241 9,241
70 5 3 1,115 8,279 8,600 9,279 9,600
71 9 5 1,116 4,102 5,102 8,258 8,260 8,280 9,258 9,260 9,280
72 10 6 1,117 4,138 5,138 8,454 8,493 8,507 9,454 9,493 9,507 10,1245
73 33 6 1,118 4,89 4,98 4,122 4,128 4,196 4,202 4,216 4,220 4,254 4,311 4,344 4,357 4,393 5,89 5,98 5,122 5,128 5,196 5,202 5,216 5,220 5,254 5,311 5,344 5,357 5,393 8,163 8,664 9,163 9,664 10,211 10,1079
74 13 7 1,119 4,99 4,106 4,345 4,358 5,99 5,106 5,345 5,358 6,417 7,417 8,164 9,164
75 1 1 1,120
76 3 3 1,121 4,100 5,100
77 7 5 1,122 4,109 5,109 8,119 8,181 9,119 9,181
78 23 6 1,124 1,181 6,471 7,471 8,143 8,267 8,295 8,726 8,1030 8,1143 8,1178 8,1407 8,1442 9,143 9,267 9,295 9,726 9,1030 9,1143 9,1178 9,1407 9,1442 10,141
79 9 5 1,127 1,133 1,205 4,297 5,297 8,6 8,1593 9,6 9,1593
80 42 6 1,128 1,206 6,31 6,34 6,94 6,100 6,169 6,181 6,183 6,263 6,467 6,495 7,31 7,34 7,94 7,100 7,169 7,181 7,183 7,263 7,467 7,495 8,20 8,1019 8,1092 8,1132 8,1150 8,1356 8,1396 8,1414 8,1588 9,20 9,1019 9,1092 9,1132 9,1150 9,1356 9,1396 9,1414 9,1588 10,41 10,932
81 10 3 1,129 1,207 8,1082 8,1153 8,1346 8,1417 9,1082 9,1153 9,1346 9,1417
82 43 5 1,131 1,145 1,209 4,199 4,242 5,199 5,242 8,339 8,414 8,422 8,438 8,819 8,950 8,998 8,1047 8,1078 8,1108 8,1152 8,1218 8,1311 8,1342 8,1372 8,1416 8,1482 8,1516 9,339 9,414 9,422 9,438 9,819 9,950 9,998 9,1047 9,1078 9,1108 9,1152 9,1218 9,1311 9,1342 9,1372 9,1416 9,1482 9,1516
83 3 3 1,132 6,222 7,222
84 3 3 1,134 8,330 9,330
85 5 5 1,137 4,232 5,232 8,1251 9,1251
86 3 3 1,138 4,233 5,233
87 4 3 1,139 1,241 4,234 5,234
88 1 1 1,140
89 1 1 1,141
90 11 6 1,142 4,235 4,294 5,235 5,294 8,46 8,535 9,46 9,535 10,666 10,786
91 6 2 1,143 1,247 1,259 10,262 10,650 10,1232
92 3 3 1,146 4,240 5,240
93 9 6 1,147 1,180 2,38 3,38 8,66 9,66 10,408 10,739 10,1379
94 3 2 1,148 10,239 10,523
95 1 1 1,149
96 4 4 1,150 8,623 9,623 10,417
97 3 3 1,151 6,415 7,415
98 3 2 1,152 1,210 10,1350
99 9 3 1,153 1,161 1,211 4,319 4,325 4,333 5,319 5,325 5,333
100 1 1 1,155
101 55 7 1,156 4,273 5,273 6,410 7,410 8,40 8,53 8,64 8,81 8,88 8,133 8,436 8,621 8,661 8,924 8,1010 8,1056 8,1084 8,1120 8,1123 8,1165 8,1186 8,1223 8,1320 8,1348 8,1384 8,1387 8,1429 8,1450 8,1487 9,40 9,53 9,64 9,81 9,88 9,133 9,436 9,621 9,661 9,924 9,1010 9,1056 9,1084 9,1120 9,1123 9,1165 9,1186 9,1223 9,1320 9,1348 9,1384 9,1387 9,1429 9,1450 9,1487
102 33 7 1,159 4,134 4,143 4,166 4,172 4,181 4,285 4,289 4,322 4,330 5,134 5,143 5,166 5,172 5,181 5,285 5,289 5,322 5,330 6,423 6,456 7,423 7,456 8,101 8,387 8,484 8,503 8,905 9,101 9,387 9,484 9,503 9,905
103 1 1 1,160
104 1 1 1,163
105 4 4 1,164 6,465 7,465 10,678
106 21 5 1,167 1,175 1,213 4,114 4,120 4,147 4,155 5,114 5,120 5,147 5,155 8,523 8,542 8,554 8,572 8,612 9,523 9,542 9,554 9,572 9,612
107 1 1 1,168
108 15 8 1,170 4,161 5,161 6,159 6,430 7,159 7,430 8,565 9,565 10,165 10,805 10,812 10,877 10,1093 10,1295
109 8 6 1,171 4,149 4,162 5,149 5,162 8,560 9,560 10,1105
110 3 3 1,173 4,50 5,50
111 3 2 1,176 1,214 10,233
112 12 3 1,177 1,215 8,1031 8,1099 8,1144 8,1363 8,1408 9,1031 9,1099 9,1144 9,1363 9,1408
113 1 1 1,178
114 8 4 1,179 4,137 5,137 10,289 10,591 10,716 10,732 10,838
115 1 1 1,182
116 1 1 1,187
117 2 2 1,189 10,807
118 3 3 1,190 4,225 5,225
119 7 5 1,192 4,124 4,140 5,124 5,140 8,228 9,228
120 7 5 1,193 4,125 4,222 5,125 5,222 8,1291 9,1291
121 10 6 1,194 2,53 3,53 8,639 8,697 9,639 9,697 10,101 10,198 10,391
122 1 1 1,197
123 41 5 1,218 4,6 4,28 4,34 4,69 5,6 5,28 5,34 5,69 8,42 8,270 8,308 8,1012 8,1058 8,1086 8,1122 8,1125 8,1167 8,1225 8,1322 8,1350 8,1386 8,1389 8,1431 8,1489 9,42 9,270 9,308 9,1012 9,1058 9,1086 9,1122 9,1125 9,1167 9,1225 9,1322 9,1350 9,1386 9,1389 9,1431 9,1489
124 1 1 1,219
125 1 1 1,221
126 5 4 1,222 8,94 9,94 10,747 10,861
127 3 2 1,223 10,192 10,529
128 1 1 1,224
129 17 3 1,225 8,316 8,663 8,668 8,1049 8,1258 8,1313 8,1524 8,1558 9,316 9,663 9,668 9,1049 9,1258 9,1313 9,1524 9,1558
130 3 2 1,227 10,675 10,1412
131 3 3 1,228 8,1271 9,1271
132 1 1 1,230
133 1 1 1,232
134 1 1 1,235
135 1 1 1,236
136 3 3 1,237 8,702 9,702
137 9 8 1,238 1,245 2,68 3,68 4,401 5,401 6,396 7,396 10,1293
138 14 10 1,239 1,246 2,69 2,73 3,69 3,73 4,402 5,402 6,397 7,397 8,633 9,633 10,986 10,1294
139 7 6 1,240 1,243 6,422 7,422 8,553 9,553 10,994
140 18 8 1,242 4,403 5,403 6,15 6,17 7,15 7,17 8,8 8,1292 8,1580 9,8 9,1292 9,1580 10,186 10,200 10,470 10,478 10,1292
141 7 3 1,244 6,133 6,157 6,217 7,133 7,157 7,217
142 2 2 1,248 10,321
143 9 5 1,249 6,176 6,179 7,176 7,179 8,980 8,983 9,980 9,983
144 1 1 1,250
145 4 3 1,251 1,262 6,482 7,482
146 5 2 1,252 10,263 10,265 10,651 10,652
147 1 1 1,253
148 5 3 1,254 6,429 6,480 7,429 7,480
149 20 8 1,255 1,261 2,72 3,72 6,155 6,489 6,490 7,155 7,489 7,490 8,709 8,1578 9,709 9,1578 10,217 10,284 10,306 10,325 10,898 10,959
150 6 4 1,256 6,63 7,63 10,227 10,1153 10,1368
151 1 1 1,257
152 1 1 1,258
153 1 1 1,260
154 12 2 2,1 2,4 2,14 2,58 2,76 2,80 3,1 3,4 3,14 3,58 3,76 3,80
155 6 2 2,2 2,5 2,59 3,2 3,5 3,59
156 2 2 2,3 3,3
157 18 5 2,6 2,10 3,6 3,10 8,73 8,240 8,243 8,358 8,524 8,591 9,73 9,240 9,243 9,358 9,524 9,591 10,1328 10,1358
158 9 3 2,7 2,11 2,36 2,42 3,7 3,11 3,36 3,42 10,388
159 22 5 2,8 2,9 2,12 2,19 2,37 2,54 2,57 2,61 2,62 3,8 3,9 3,12 3,19 3,37 3,54 3,57 3,61 3,62 4,280 5,280 10,975 10,990
160 2 2 2,13 3,13
161 12 4 2,15 2,17 2,24 2,26 3,15 3,17 3,24 3,26 4,11 4,26 5,11 5,26
162 4 2 2,16 2,25 3,16 3,25
163 9 7 2,18 2,27 3,18 3,27 4,31 5,31 6,235 7,235 10,976
164 4 4 2,20 3,20 4,17 5,17
165 4 3 2,21 3,21 10,546 10,1432
166 10 2 2,22 2,30 2,34 2,39 2,41 3,22 3,30 3,34 3,39 3,41
167 7 5 2,23 3,23 4,9 4,148 5,9 5,148 10,837
168 2 2 2,28 3,28
169 2 2 2,29 3,29
170 25 7 2,32 3,32 6,28 6,121 6,125 6,135 6,144 6,148 6,150 6,466 7,28 7,121 7,125 7,135 7,144 7,148 7,150 7,466 8,989 8,1041 9,989 9,1041 10,561 10,982 10,985
171 14 7 2,33 3,33 6,77 6,236 7,77 7,236 8,651 8,704 8,706 9,651 9,704 9,706 10,298 10,987
172 2 2 2,35 3,35



    # for ind in index:
    #     if len(index[ind]) > 0:
    #         total_occ = 0
    #         output = ""
    #         for doc in index[ind]:
    #             for pos in index[ind][doc]:
    #                 output += " " + str(doc) + "," + str(pos)
    #                 total_occ+=1
    #
    #         print(str(ind) + " " + str(total_occ) + " " + str(len(index[ind])) + output)