1 116 5 1,1 0,19 0,9 0,26 0,13 0,28 0,9 0,30 3,4 0,36 0,5 0,2 0,8 0,20 0,9 0,9 0,11 0,7 0,4 0,11 0,6 0,27 0,5 0,6 0,9 0,15 0,6 0,14 0,16 0,15 0,4 0,25 0,9 0,4 0,8 0,20 0,5 0,8 0,14 1,4 0,36 0,5 0,2 0,8 0,20 0,9 0,9 0,11 0,7 0,4 0,11 0,6 0,27 0,5 0,6 0,9 0,15 0,6 0,14 0,16 0,15 0,4 0,25 0,9 0,4 0,8 0,20 0,5 0,8 0,14 3,1 0,25 0,4 0,26 0,178 0,78 0,85 0,11 0,2 0,216 0,89 0,18 0,14 0,89 0,31 0,9 0,18 0,5 0,13 0,17 0,13 0,22 0,4 1,1 0,25 0,4 0,26 0,178 0,78 0,85 0,11 0,2 0,216 0,89 0,18 0,14 0,89 0,31 0,9 0,18 0,5 0,13 0,17 0,13 0,22 0,4
2 225 5 1,2 0,4 0,7 0,5 0,3 0,9 0,9 0,17 0,13 0,28 0,9 0,19 0,11 0,21 0,5 0,4 0,3 0,5 0,9 0,12 0,17 0,4 0,4 0,11 0,2 3,5 0,36 0,5 0,2 0,8 0,6 0,14 0,9 0,9 0,11 0,7 0,4 0,11 0,6 0,9 0,18 0,5 0,6 0,9 0,15 0,6 0,14 0,16 0,15 0,4 0,25 0,9 0,4 0,8 0,20 0,5 0,8 0,14 0,7 0,6 1,5 0,36 0,5 0,2 0,8 0,6 0,14 0,9 0,9 0,11 0,7 0,4 0,11 0,6 0,9 0,18 0,5 0,6 0,9 0,15 0,6 0,14 0,16 0,15 0,4 0,25 0,9 0,4 0,8 0,20 0,5 0,8 0,14 0,7 0,6 3,2 0,25 0,4 0,16 0,10 0,12 0,31 0,11 0,27 0,23 0,1 0,26 0,3 0,15 0,29 0,40 0,23 0,15 0,14 0,10 0,15 0,33 0,13 0,1 0,4 0,6 0,2 0,33 0,6 0,9 0,23 0,12 0,4 0,4 0,28 0,15 0,21 0,4 0,18 0,40 0,10 0,78 0,18 0,2 0,13 0,11 0,11 0,13 0,7 0,6 0,5 0,5 0,31 0,15 0,15 0,27 0,2 0,3 0,10 0,3 0,8 0,9 0,13 0,22 0,4 1,2 0,25 0,4 0,16 0,10 0,12 0,31 0,11 0,27 0,23 0,1 0,26 0,3 0,15 0,29 0,40 0,23 0,15 0,14 0,10 0,15 0,33 0,13 0,1 0,4 0,6 0,2 0,33 0,6 0,9 0,23 0,12 0,4 0,4 0,28 0,15 0,21 0,4 0,18 0,40 0,10 0,78 0,18 0,2 0,13 0,11 0,11 0,13 0,7 0,6 0,5 0,5 0,31 0,15 0,15 0,27 0,2 0,3 0,10 0,3 0,8 0,9 0,13 0,22 0,4
3 75 10 1,3 0,7 0,28 0,19 0,127 0,12 0,21 1,46 1,46 1,227 1,227 1,42 0,166 0,32 1,42 0,166 0,32 1,3 0,58 0,18 0,117 0,135 0,11 0,18 0,74 0,11 0,209 0,33 0,6 0,158 0,223 0,187 0,27 0,13 0,37 1,3 0,58 0,18 0,117 0,135 0,11 0,18 0,74 0,11 0,209 0,33 0,6 0,158 0,223 0,187 0,27 0,13 0,37 1,93 0,47 0,54 0,161 0,144 0,67 0,143 0,203 0,11 0,2 0,27 0,47 0,19 0,26 0,66 0,3 0,115 0,15 0,14 0,4 0,5 0,72
4 77 7 1,4 0,3 0,18 0,33 0,127 0,13 0,36 3,2 0,36 0,5 0,15 0,83 0,186 1,2 0,36 0,5 0,15 0,83 0,186 1,403 1,403 1,4 0,20 0,4 0,15 0,249 0,156 0,265 0,15 0,164 0,14 0,21 0,13 0,22 0,51 0,42 0,4 0,5 0,23 0,39 0,44 0,56 0,93 0,4 0,5 0,23 0,39 0,44 0,56 1,4 0,20 0,4 0,15 0,249 0,156 0,265 0,15 0,164 0,14 0,21 0,13 0,22 0,51 0,42 0,4 0,5 0,23 0,39 0,44 0,56 0,93 0,4 0,5 0,23 0,39 0,44 0,56
5 36 5 1,5 0,181 3,3 0,36 0,5 0,9 0,6 1,3 0,36 0,5 0,9 0,6 3,25 0,4 0,79 0,193 0,145 0,268 0,15 0,164 0,14 0,21 0,13 0,22 1,25 0,4 0,79 0,193 0,145 0,268 0,15 0,164 0,14 0,21 0,13 0,22
6 5 3 1,8 0,1 0,191 7,966 1,966
7 3 3 1,11 5,472 1,472
8 11 4 1,12 7,302 1,302 1,248 0,337 0,51 0,114 0,77 0,31 0,1 0,5
9 19 6 1,14 0,19 0,66 0,73 3,77 0,36 1,77 0,36 3,63 0,298 0,311 0,128 0,12 1,63 0,298 0,311 0,128 0,12 1,1425
10 14 6 1,15 0,37 0,32 0,11 0,104 3,79 1,79 3,230 0,73 0,69 1,230 0,73 0,69 1,333
11 8 7 1,16 0,97 3,80 1,80 1,153 1,153 1,750 1,750
12 31 5 1,17 3,8 0,28 0,18 0,27 0,22 0,55 0,112 1,8 0,28 0,18 0,27 0,22 0,55 0,112 3,55 0,22 0,222 0,319 0,16 0,164 0,34 0,86 1,55 0,22 0,222 0,319 0,16 0,164 0,34 0,86
13 3 3 1,19 7,499 1,499
14 3 3 1,22 7,400 1,400
15 9 5 1,23 0,87 0,81 3,95 0,28 1,95 0,28 3,290 1,290
16 8 5 1,24 0,63 3,347 1,347 3,291 0,71 1,291 0,71
17 1 1 1,26
18 10 3 1,27 0,22 0,26 0,83 7,346 0,194 0,271 1,346 0,194 0,271
19 26 5 1,28 0,37 0,1 0,8 0,12 0,115 3,248 0,4 0,1 0,18 1,248 0,4 0,1 0,18 3,114 0,12 0,24 0,169 0,75 0,551 1,114 0,12 0,24 0,169 0,75 0,551
20 25 3 1,31 0,12 0,19 0,8 0,28 7,288 0,61 0,4 0,14 0,275 0,187 0,46 0,28 0,12 0,31 1,288 0,61 0,4 0,14 0,275 0,187 0,46 0,28 0,12 0,31
21 1 1 1,32
22 5 3 1,34 7,38 0,958 1,38 0,958
23 6 4 1,35 7,136 0,555 1,136 0,555 1,1433
24 3 3 1,36 7,137 1,137
25 1 1 1,37
26 10 4 1,40 7,944 0,361 1,944 0,361 1,5 0,64 0,860 0,77 0,121
27 7 3 1,41 0,5 0,180 7,744 0,70 1,744 0,70
28 10 3 1,42 0,2 7,787 0,28 0,373 0,264 1,787 0,28 0,373 0,264
29 3 3 1,45 7,95 1,95
30 1 1 1,47
31 5 5 1,48 3,247 1,247 3,645 1,645
32 6 5 1,50 0,104 5,232 1,232 1,132 1,132
33 2 1 1,51 0,114
34 5 5 1,53 1,44 1,44 5,1572 1,1572
35 4 2 1,54 9,293 0,10 0,217
36 3 2 1,59 9,735 0,710
37 1 1 1,60
38 5 3 1,61 7,902 0,14 1,902 0,14
39 6 4 1,63 7,904 0,43 1,904 0,43 1,665
40 1 1 1,64
41 2 1 1,67 0,135
42 7 5 1,71 3,272 1,272 3,141 0,1143 1,141 0,1143
43 9 5 1,72 3,221 0,41 1,221 0,41 3,1246 0,298 1,1246 0,298
44 11 5 1,73 3,209 0,67 0,75 1,209 0,67 0,75 3,129 0,26 1,129 0,26
45 3 3 1,76 3,136 1,136
46 19 5 1,77 3,188 1,188 3,131 0,21 0,6 0,116 0,77 0,178 0,238 0,46 1,131 0,21 0,6 0,116 0,77 0,178 0,238 0,46
47 1 1 1,78
48 5 3 1,79 7,1200 0,264 1,1200 0,264
49 5 3 1,80 7,1196 0,264 1,1196 0,264
50 1 1 1,81
51 10 6 1,82 0,41 1,31 1,31 3,89 1,89 3,36 0,926 0,22 0,118
52 2 1 1,83 0,146
53 2 2 1,85 9,272
54 19 7 1,88 3,366 1,366 1,418 1,418 1,157 0,9 0,9 0,44 0,28 0,184 0,4 1,157 0,9 0,9 0,44 0,28 0,184 0,4
55 1 1 1,89
56 7 5 1,90 3,266 0,15 1,266 0,15 3,676 1,676
57 10 5 1,91 0,97 3,269 0,9 1,269 0,9 3,432 0,332 1,432 0,332
58 3 2 1,92 0,111 9,656
59 26 5 1,93 0,7 0,26 0,78 3,78 0,43 0,244 1,78 0,43 0,244 3,103 0,53 0,9 0,20 0,33 0,28 0,18 0,166 1,103 0,53 0,9 0,20 0,33 0,28 0,18 0,166
60 4 4 1,94 3,49 1,49 5,195
61 1 1 1,101
62 7 6 1,102 1,65 1,65 1,399 1,399 5,874 0,428
63 3 3 1,103 7,307 1,307
64 1 1 1,104
65 13 5 1,107 3,129 0,88 1,129 0,88 3,116 0,93 0,28 0,19 1,116 0,93 0,28 0,19
66 61 5 1,108 0,3 0,19 0,14 0,64 3,91 0,5 0,5 0,17 0,80 0,6 0,37 0,122 1,91 0,5 0,5 0,17 0,80 0,6 0,37 0,122 3,199 0,14 0,25 0,17 0,22 0,97 0,17 0,606 0,49 0,31 0,30 0,44 0,66 0,93 0,31 0,30 0,44 0,66 0,32 0,2 1,199 0,14 0,25 0,17 0,22 0,97 0,17 0,606 0,49 0,31 0,30 0,44 0,66 0,93 0,31 0,30 0,44 0,66 0,32 0,2
67 9 5 1,109 3,92 0,272 1,92 0,272 3,214 0,25 1,214 0,25
68 5 3 1,112 3,97 0,22 1,97 0,22
69 7 5 1,114 3,168 0,139 1,168 0,139 3,241 1,241
70 5 3 1,115 7,279 0,321 1,279 0,321
71 9 5 1,116 3,102 1,102 3,258 0,2 0,20 1,258 0,2 0,20
72 10 6 1,117 3,138 1,138 3,454 0,39 0,14 1,454 0,39 0,14 1,1245
73 33 6 1,118 3,89 0,9 0,24 0,6 0,68 0,6 0,14 0,4 0,34 0,57 0,33 0,13 0,36 1,89 0,9 0,24 0,6 0,68 0,6 0,14 0,4 0,34 0,57 0,33 0,13 0,36 3,163 0,501 1,163 0,501 1,211 0,868
74 13 7 1,119 3,99 0,7 0,239 0,13 1,99 0,7 0,239 0,13 1,417 1,417 1,164 1,164
75 1 1 1,120
76 3 3 1,121 3,100 1,100
77 7 5 1,122 3,109 1,109 3,119 0,62 1,119 0,62
78 23 6 1,124 0,57 5,471 1,471 1,143 0,124 0,28 0,431 0,304 0,113 0,35 0,229 0,35 1,143 0,124 0,28 0,431 0,304 0,113 0,35 0,229 0,35 1,141
79 9 5 1,127 0,6 0,72 3,297 1,297 3,6 0,1587 1,6 0,1587
80 42 6 1,128 0,78 5,31 0,3 0,60 0,6 0,69 0,12 0,2 0,80 0,204 0,28 1,31 0,3 0,60 0,6 0,69 0,12 0,2 0,80 0,204 0,28 1,20 0,999 0,73 0,40 0,18 0,206 0,40 0,18 0,174 1,20 0,999 0,73 0,40 0,18 0,206 0,40 0,18 0,174 1,41 0,891
81 10 3 1,129 0,78 7,1082 0,71 0,193 0,71 1,1082 0,71 0,193 0,71
82 43 5 1,131 0,14 0,64 3,199 0,43 1,199 0,43 3,339 0,75 0,8 0,16 0,381 0,131 0,48 0,49 0,31 0,30 0,44 0,66 0,93 0,31 0,30 0,44 0,66 0,34 1,339 0,75 0,8 0,16 0,381 0,131 0,48 0,49 0,31 0,30 0,44 0,66 0,93 0,31 0,30 0,44 0,66 0,34
83 3 3 1,132 5,222 1,222
84 3 3 1,134 7,330 1,330
85 5 5 1,137 3,232 1,232 3,1251 1,1251
86 3 3 1,138 3,233 1,233
87 4 3 1,139 0,102 3,234 1,234
88 1 1 1,140
89 1 1 1,141
90 11 6 1,142 3,235 0,59 1,235 0,59 3,46 0,489 1,46 0,489 1,666 0,120
91 6 2 1,143 0,104 0,12 9,262 0,388 0,582
92 3 3 1,146 3,240 1,240
93 9 6 1,147 0,33 1,38 1,38 5,66 1,66 1,408 0,331 0,640
94 3 2 1,148 9,239 0,284
95 1 1 1,149
96 4 4 1,150 7,623 1,623 1,417
97 3 3 1,151 5,415 1,415
98 3 2 1,152 0,58 9,1350
99 9 3 1,153 0,8 0,50 3,319 0,6 0,8 1,319 0,6 0,8
100 1 1 1,155
101 55 7 1,156 3,273 1,273 1,410 1,410 1,40 0,13 0,11 0,17 0,7 0,45 0,303 0,185 0,40 0,263 0,86 0,46 0,28 0,36 0,3 0,42 0,21 0,37 0,97 0,28 0,36 0,3 0,42 0,21 0,37 1,40 0,13 0,11 0,17 0,7 0,45 0,303 0,185 0,40 0,263 0,86 0,46 0,28 0,36 0,3 0,42 0,21 0,37 0,97 0,28 0,36 0,3 0,42 0,21 0,37
102 33 7 1,159 3,134 0,9 0,23 0,6 0,9 0,104 0,4 0,33 0,8 1,134 0,9 0,23 0,6 0,9 0,104 0,4 0,33 0,8 1,423 0,33 1,423 0,33 1,101 0,286 0,97 0,19 0,402 1,101 0,286 0,97 0,19 0,402
103 1 1 1,160
104 1 1 1,163
105 4 4 1,164 5,465 1,465 3,678
106 21 5 1,167 0,8 0,38 3,114 0,6 0,27 0,8 1,114 0,6 0,27 0,8 3,523 0,19 0,12 0,18 0,40 1,523 0,19 0,12 0,18 0,40
107 1 1 1,168
108 15 8 1,170 3,161 1,161 1,159 0,271 1,159 0,271 1,565 1,565 1,165 0,640 0,7 0,65 0,216 0,202
109 8 6 1,171 3,149 0,13 1,149 0,13 3,560 1,560 1,1105
110 3 3 1,173 3,50 1,50
111 3 2 1,176 0,38 9,233
112 12 3 1,177 0,38 7,1031 0,68 0,45 0,219 0,45 1,1031 0,68 0,45 0,219 0,45
113 1 1 1,178
114 8 4 1,179 3,137 1,137 5,289 0,302 0,125 0,16 0,106
115 1 1 1,182
116 1 1 1,187
117 2 2 1,189 9,807
118 3 3 1,190 3,225 1,225
119 7 5 1,192 3,124 0,16 1,124 0,16 3,228 1,228
120 7 5 1,193 3,125 0,97 1,125 0,97 3,1291 1,1291
121 10 6 1,194 1,53 1,53 5,639 0,58 1,639 0,58 1,101 0,97 0,193
122 1 1 1,197
123 41 5 1,218 3,6 0,22 0,6 0,35 1,6 0,22 0,6 0,35 3,42 0,228 0,38 0,704 0,46 0,28 0,36 0,3 0,42 0,58 0,97 0,28 0,36 0,3 0,42 0,58 1,42 0,228 0,38 0,704 0,46 0,28 0,36 0,3 0,42 0,58 0,97 0,28 0,36 0,3 0,42 0,58
124 1 1 1,219
125 1 1 1,221
126 5 4 1,222 7,94 1,94 1,747 0,114
127 3 2 1,223 9,192 0,337
128 1 1 1,224
129 17 3 1,225 7,316 0,347 0,5 0,381 0,209 0,55 0,211 0,34 1,316 0,347 0,5 0,381 0,209 0,55 0,211 0,34
130 3 2 1,227 9,675 0,737
131 3 3 1,228 7,1271 1,1271
132 1 1 1,230
133 1 1 1,232
134 1 1 1,235
135 1 1 1,236
136 3 3 1,237 7,702 1,702
137 9 8 1,238 0,7 1,68 1,68 1,401 1,401 1,396 1,396 3,1293
138 14 10 1,239 0,7 1,69 0,4 1,69 0,4 1,402 1,402 1,397 1,397 1,633 1,633 1,986 0,308
139 7 6 1,240 0,3 5,422 1,422 1,553 1,553 1,994
140 18 8 1,242 3,403 1,403 1,15 0,2 1,15 0,2 1,8 0,1284 0,288 1,8 0,1284 0,288 1,186 0,14 0,270 0,8 0,814
141 7 3 1,244 5,133 0,24 0,60 1,133 0,24 0,60
142 2 2 1,248 9,321
143 9 5 1,249 5,176 0,3 1,176 0,3 1,980 0,3 1,980 0,3
144 1 1 1,250
145 4 3 1,251 0,11 5,482 1,482
146 5 2 1,252 9,263 0,2 0,386 0,1
147 1 1 1,253
148 5 3 1,254 5,429 0,51 1,429 0,51
149 20 8 1,255 0,6 1,72 1,72 3,155 0,334 0,1 1,155 0,334 0,1 1,709 0,869 1,709 0,869 1,217 0,67 0,22 0,19 0,573 0,61
150 6 4 1,256 5,63 1,63 3,227 0,926 0,215
151 1 1 1,257
152 1 1 1,258
153 1 1 1,260
154 12 2 2,1 0,3 0,10 0,44 0,18 0,4 1,1 0,3 0,10 0,44 0,18 0,4
155 6 2 2,2 0,3 0,54 1,2 0,3 0,54
156 2 2 2,3 1,3
157 18 5 2,6 0,4 1,6 0,4 5,73 0,167 0,3 0,115 0,166 0,67 1,73 0,167 0,3 0,115 0,166 0,67 1,1328 0,30
158 9 3 2,7 0,4 0,25 0,6 1,7 0,4 0,25 0,6 7,388
159 22 5 2,8 0,1 0,3 0,7 0,18 0,17 0,3 0,4 0,1 1,8 0,1 0,3 0,7 0,18 0,17 0,3 0,4 0,1 1,280 1,280 5,975 0,15
160 2 2 2,13 1,13
161 12 4 2,15 0,2 0,7 0,2 1,15 0,2 0,7 0,2 1,11 0,15 1,11 0,15
162 4 2 2,16 0,9 1,16 0,9
163 9 7 2,18 0,9 1,18 0,9 1,31 1,31 1,235 1,235 3,976
164 4 4 2,20 1,20 1,17 1,17
165 4 3 2,21 1,21 7,546 0,886
166 10 2 2,22 0,8 0,4 0,5 0,2 1,22 0,8 0,4 0,5 0,2
167 7 5 2,23 1,23 1,9 0,139 1,9 0,139 5,837
168 2 2 2,28 1,28
169 2 2 2,29 1,29
170 25 7 2,32 1,32 3,28 0,93 0,4 0,10 0,9 0,4 0,2 0,316 1,28 0,93 0,4 0,10 0,9 0,4 0,2 0,316 1,989 0,52 1,989 0,52 1,561 0,421 0,3
171 14 7 2,33 1,33 3,77 0,159 1,77 0,159 1,651 0,53 0,2 1,651 0,53 0,2 1,298 0,689
172 2 2 2,35 1,35
173 13 5 2,40 1,40 5,12 1,12 1,504 0,489 0,328 0,8 0,12 0,1 0,17 0,6 0,23
174 4 4 2,43 1,43 5,1571 1,1571
175 5 5 2,45 1,45 1,150 1,150 5,961
176 2 2 2,47 1,47
177 2 2 2,48 1,48
178 4 4 2,49 1,49 1,236 1,236
179 23 9 2,50 1,50 1,237 1,237 1,152 1,152 1,59 0,359 0,151 1,59 0,359 0,151 1,112 0,78 0,196 0,12 0,4 0,34 0,128 0,91 0,140 0,256 0,89
180 2 2 2,51 1,51
181 5 3 2,52 1,52 7,345 0,142 0,139
182 2 2 2,55 1,55
183 4 4 2,56 1,56 3,444 1,444
184 6 4 2,60 1,60 3,105 0,395 1,105 0,395
185 2 2 2,63 1,63
186 8 5 2,64 0,3 1,64 0,3 5,1247 1,1247 1,941 0,80
187 12 7 2,66 1,66 1,400 0,18 1,400 0,18 1,35 0,350 1,35 0,350 3,278 0,1025
188 2 2 2,70 1,70
189 2 2 2,71 1,71
190 19 9 2,74 1,74 1,396 1,396 1,18 0,357 0,11 1,18 0,357 0,11 1,994 0,44 1,994 0,44 1,580 0,415 0,240 0,1 0,68
191 13 5 2,75 1,75 5,309 0,34 0,45 0,25 0,411 1,309 0,34 0,45 0,25 0,411 1,707
192 28 9 2,77 1,77 1,398 1,398 1,33 0,78 0,7 0,6 0,8 1,33 0,78 0,7 0,6 0,8 1,846 0,752 0,3 1,846 0,752 0,3 1,582 0,410 0,5 0,358 0,2 0,16 0,18 0,14
193 8 8 2,78 1,78 1,409 1,409 1,366 1,366 1,1591 1,1591
194 13 7 2,79 1,79 3,38 0,234 0,4 0,92 1,38 0,234 0,4 0,92 1,1592 1,1592 1,85
195 14 7 2,81 1,81 1,414 1,414 1,373 0,66 1,373 0,66 3,32 0,29 0,1013 0,51 0,191 0,126
196 7 7 2,82 1,82 1,415 1,415 1,374 1,374 3,1317
197 12 4 4,1 0,36 0,5 0,272 0,73 1,1 0,36 0,5 0,272 0,73 3,884 1,884
198 20 4 4,7 0,28 0,17 0,154 1,7 0,28 0,17 0,154 3,104 0,513 0,29 0,115 0,74 0,17 1,104 0,513 0,29 0,115 0,74 0,17
199 18 7 4,10 0,15 0,230 0,2 0,6 1,10 0,15 0,230 0,2 0,6 1,138 0,88 1,138 0,88 1,1535 1,1535 1,960 0,471
200 6 4 4,12 0,6 1,12 0,6 3,1602 1,1602
201 20 6 4,13 1,13 1,384 0,21 1,384 0,21 1,483 0,431 0,114 0,70 0,43 0,221 0,43 1,483 0,431 0,114 0,70 0,43 0,221 0,43
202 16 6 4,14 0,354 1,14 0,354 1,91 0,17 0,6 0,277 1,91 0,17 0,6 0,277 1,759 0,236 1,759 0,236
203 2 2 4,15 1,15
204 16 2 4,16 0,6 0,43 0,305 0,6 0,21 0,7 0,12 1,16 0,6 0,43 0,305 0,6 0,21 0,7 0,12
205 2 2 4,19 1,19
206 11 7 4,20 1,20 1,421 1,421 1,1174 0,264 1,1174 0,264 1,64 0,826 0,111
207 2 2 4,21 1,21
208 3 3 4,23 1,23 5,790
209 2 2 4,24 1,24
210 2 2 4,27 1,27
211 12 7 4,29 0,4 1,29 0,4 1,9 1,9 1,13 0,9 1,13 0,9 1,15 0,915
212 11 5 4,30 1,30 3,11 0,1563 0,21 1,11 0,1563 0,21 1,894 0,332 0,82
213 5 3 4,32 1,32 5,893 0,3 0,81
214 4 2 4,51 0,272 1,51 0,272
215 4 3 4,57 1,57 5,207 0,404
216 2 2 4,60 1,60
217 2 2 4,61 1,61
218 23 7 4,63 0,254 0,17 0,28 1,63 0,254 0,17 0,28 1,211 1,211 1,212 0,143 0,82 0,2 0,483 0,15 1,212 0,143 0,82 0,2 0,483 0,15 1,1284
219 18 4 4,64 1,64 3,340 0,1 0,3 0,3 0,10 0,8 0,16 0,445 1,340 0,1 0,3 0,3 0,10 0,8 0,16 0,445
220 8 3 4,66 0,137 0,191 1,66 0,137 0,191 5,934 0,153
221 5 3 4,67 0,328 1,67 0,328 5,1075
222 10 4 4,68 1,68 3,335 0,588 0,15 0,18 1,335 0,588 0,15 0,18
223 10 7 4,70 1,70 1,462 1,462 1,283 0,415 1,283 0,415 1,160 0,209
224 4 4 4,71 1,71 3,934 1,934
225 2 2 4,72 1,72
226 2 2 4,73 1,73
227 31 5 4,74 0,101 1,74 0,101 3,1034 0,36 0,32 0,45 0,35 0,54 0,62 0,36 0,32 0,45 0,35 0,54 0,68 1,1034 0,36 0,32 0,45 0,35 0,54 0,62 0,36 0,32 0,45 0,35 0,54 0,68 1,1048
228 8 5 4,82 1,82 3,232 0,253 1,232 0,253 1,344 0,281
229 4 4 4,83 1,83 3,486 1,486
230 8 7 4,86 1,86 1,230 1,230 1,1306 1,1306 1,557 0,157
231 3 3 4,87 1,87 5,965
232 8 5 4,88 1,88 3,589 1,589 1,555 0,358 0,15 0,38
233 9 5 4,90 0,208 1,90 0,208 3,577 0,18 1,577 0,18 1,815
234 2 2 4,107 1,107
235 4 2 4,108 0,183 1,108 0,183
236 30 4 4,110 0,101 0,149 1,110 0,101 0,149 3,1036 0,36 0,32 0,45 0,35 0,54 0,42 0,56 0,32 0,45 0,35 0,54 1,1036 0,36 0,32 0,45 0,35 0,54 0,42 0,56 0,32 0,45 0,35 0,54
237 6 4 4,117 1,117 3,183 0,134 1,183 0,134
238 14 6 4,130 0,169 1,130 0,169 1,187 1,187 1,184 0,26 0,6 0,28 1,184 0,26 0,6 0,28
239 8 4 4,131 0,215 1,131 0,215 3,187 0,79 1,187 0,79
240 14 4 4,135 0,11 1,135 0,11 3,130 0,338 0,9 0,289 0,29 1,130 0,338 0,9 0,289 0,29
241 10 4 4,139 1,139 3,105 0,351 0,39 0,10 1,105 0,351 0,39 0,10
242 2 2 4,144 1,144
243 4 2 4,145 0,8 1,145 0,8
244 4 4 4,151 1,151 3,526 1,526
245 4 4 4,152 1,152 3,527 1,527
246 3 3 4,154 1,154 5,973
247 7 5 4,156 1,156 3,510 0,12 1,510 0,12 1,1271
248 4 4 4,157 1,157 3,512 1,512
249 2 2 4,163 1,163
250 16 4 4,167 0,6 0,11 0,126 1,167 0,6 0,11 0,126 3,470 0,2 0,15 0,335 1,470 0,2 0,15 0,335
251 4 2 4,169 0,139 1,169 0,139
252 4 2 4,174 0,18 1,174 0,18
253 7 5 4,176 0,106 1,176 0,106 3,857 1,857 1,424
254 6 4 4,177 0,13 1,177 0,13 3,311 1,311
255 6 4 4,178 1,178 3,233 0,105 1,233 0,105
256 2 2 4,182 1,182
257 4 2 4,183 0,4 1,183 0,4
258 5 5 4,185 1,185 3,159 1,159 1,1401
259 2 2 4,186 1,186
260 2 2 4,189 1,189
261 2 2 4,191 1,191
262 12 5 4,193 1,193 3,36 0,684 0,58 0,91 1,36 0,684 0,58 0,91 1,86 0,336
263 26 5 4,197 1,197 3,999 0,49 0,31 0,30 0,110 0,93 0,31 0,30 0,110 0,34 1,999 0,49 0,31 0,30 0,110 0,93 0,31 0,30 0,110 0,34 1,1052 0,63 0,14 0,122
264 2 2 4,205 1,205
265 2 2 4,207 1,207
266 2 2 4,208 1,208
267 66 4 4,210 0,67 0,82 1,210 0,67 0,82 3,125 0,908 0,2 0,34 0,2 0,30 0,2 0,43 0,2 0,33 0,2 0,4 0,15 0,33 0,2 0,42 0,18 0,36 0,2 0,30 0,2 0,43 0,2 0,33 0,2 0,4 0,15 0,33 0,2 0,66 1,125 0,908 0,2 0,34 0,2 0,30 0,2 0,43 0,2 0,33 0,2 0,4 0,15 0,33 0,2 0,42 0,18 0,36 0,2 0,30 0,2 0,43 0,2 0,33 0,2 0,4 0,15 0,33 0,2 0,66
268 74 4 4,212 0,149 1,212 0,149 3,14 0,31 0,384 0,574 0,24 0,41 0,13 0,16 0,16 0,27 0,15 0,2 0,2 0,10 0,8 0,43 0,23 0,38 0,18 0,4 0,29 0,13 0,16 0,16 0,27 0,15 0,2 0,2 0,10 0,8 0,43 0,43 0,33 0,9 0,10 1,14 0,31 0,384 0,574 0,24 0,41 0,13 0,16 0,16 0,27 0,15 0,2 0,2 0,10 0,8 0,43 0,23 0,38 0,18 0,4 0,29 0,13 0,16 0,16 0,27 0,15 0,2 0,2 0,10 0,8 0,43 0,43 0,33 0,9 0,10
269 2 2 4,213 1,213
270 40 4 4,218 0,10 1,218 0,10 3,1016 0,44 0,29 0,40 0,42 0,57 0,35 0,1 0,5 0,55 0,29 0,40 0,42 0,57 0,46 0,1 0,2 0,15 1,1016 0,44 0,29 0,40 0,42 0,57 0,35 0,1 0,5 0,55 0,29 0,40 0,42 0,57 0,46 0,1 0,2 0,15
271 4 4 4,219 1,219 3,1542 1,1542
272 2 2 4,223 1,223
273 2 2 4,224 1,224
274 13 5 4,226 0,30 1,226 0,30 3,96 0,13 0,269 0,71 1,96 0,13 0,269 0,71 1,1028
275 2 2 4,229 1,229
276 17 5 4,238 0,21 0,9 1,238 0,21 0,9 3,75 0,46 0,76 0,24 0,544 1,75 0,46 0,76 0,24 0,544 1,809
277 5 5 4,239 1,239 3,862 1,862 1,777
278 15 5 4,243 1,243 3,376 0,17 0,180 0,6 0,18 0,16 1,376 0,17 0,180 0,6 0,18 0,16 1,851
279 6 4 4,244 1,244 3,321 0,390 1,321 0,390
280 2 2 4,251 1,251
281 4 2 4,258 0,6 1,258 0,6
282 12 4 4,260 1,260 3,122 0,45 0,11 0,15 0,131 1,122 0,45 0,11 0,15 0,131
283 4 4 4,261 1,261 3,120 1,120
284 2 2 4,265 1,265
285 10 4 4,267 1,267 3,202 0,581 0,26 0,9 1,202 0,581 0,26 0,9
286 4 4 4,279 1,279 3,1295 1,1295
287 12 4 4,286 0,4 0,16 1,286 0,4 0,16 3,466 0,5 0,30 1,466 0,5 0,30
288 2 2 4,292 1,292
289 2 2 4,293 1,293
290 3 3 4,300 1,300 5,1065
291 2 2 4,301 1,301
292 2 2 4,302 1,302
293 2 2 4,303 1,303
294 2 2 4,304 1,304
295 2 2 4,305 1,305
296 2 2 4,309 1,309
297 2 2 4,312 1,312
298 2 2 4,313 1,313
299 6 2 4,318 0,6 0,8 1,318 0,6 0,8
300 11 7 4,326 1,326 1,483 1,483 1,284 1,284 1,35 0,733 0,466 0,55 0,128
301 10 7 4,331 1,331 1,96 1,96 1,1037 1,1037 1,283 0,22 0,587 0,324
302 2 2 4,335 1,335
303 4 2 4,336 0,5 1,336 0,5
304 4 2 4,337 0,3 1,337 0,3
305 4 2 4,338 0,17 1,338 0,17
306 6 2 4,339 0,10 0,3 1,339 0,10 0,3
307 2 2 4,348 1,348
308 2 2 4,353 1,353
309 2 2 4,354 1,354
310 6 4 4,367 1,367 3,703 0,2 1,703 0,2
311 6 3 4,369 0,6 1,369 0,6 5,1094 0,298
312 4 2 4,371 0,6 1,371 0,6
313 9 5 4,372 0,6 1,372 0,6 3,707 1,707 1,219 0,835 0,390
314 4 2 4,373 0,6 1,373 0,6
315 6 3 4,374 0,6 1,374 0,6 5,210 0,378
316 6 4 4,381 1,381 3,1201 0,264 1,1201 0,264
317 2 2 4,382 1,382
318 5 3 4,383 1,383 5,313 0,147 0,387
319 4 4 4,384 1,384 1,209 1,209
320 11 7 4,385 0,1 1,385 0,1 1,231 1,231 1,669 0,2 1,669 0,2 1,126
321 2 2 4,388 1,388
322 3 3 4,389 1,389 5,1214
323 2 2 4,390 1,390
324 5 5 4,391 1,391 3,780 1,780 1,1268
325 2 2 4,392 1,392
326 2 2 4,405 1,405
327 4 4 4,406 1,406 1,134 1,134
328 4 4 4,407 1,407 1,163 1,163
329 19 5 4,408 1,408 1,365 0,35 0,24 0,4 0,21 0,5 0,19 0,6 1,365 0,35 0,24 0,4 0,21 0,5 0,19 0,6 3,1309
330 2 2 4,410 1,410
331 36 6 4,411 1,411 1,280 0,4 0,4 0,4 0,4 0,4 0,4 0,3 0,4 0,4 0,4 0,4 1,280 0,4 0,4 0,4 0,4 0,4 0,4 0,3 0,4 0,4 0,4 0,4 1,37 0,684 0,58 0,79 0,27 1,37 0,684 0,58 0,79 0,27
332 8 4 4,412 0,8 1,412 0,8 1,78 0,110 1,78 0,110
333 4 2 4,413 0,8 1,413 0,8
334 2 2 4,417 1,417
335 2 2 4,419 1,419
336 35 3 6,1 0,18 0,24 0,18 0,14 0,117 1,1 0,18 0,24 0,18 0,14 0,117 3,1 0,64 0,11 0,15 0,8 0,82 0,42 0,74 0,26 0,73 0,75 0,25 0,20 0,14 0,6 0,7 0,15 0,9 0,250 0,84 0,35 0,66 0,11
337 8 2 6,2 0,18 0,30 0,143 1,2 0,18 0,30 0,143
338 22 3 6,3 0,18 0,31 0,142 1,3 0,18 0,31 0,142 3,3 0,64 0,11 0,17 0,14 0,63 0,30 0,208 0,6 0,5 0,284 0,200 0,99 0,11
339 8 2 6,4 0,18 0,32 0,141 1,4 0,18 0,32 0,141
340 17 3 6,5 0,18 0,33 0,140 1,5 0,18 0,33 0,140 3,2 0,64 0,41 0,35 0,289 0,121 0,117 0,234 0,100
341 22 3 6,6 0,18 0,33 0,1 0,139 1,6 0,18 0,33 0,1 0,139 3,77 0,17 0,14 0,93 0,69 0,92 0,30 0,22 0,6 0,42 0,442 0,110
342 8 2 6,7 0,18 0,28 0,145 1,7 0,18 0,28 0,145
343 19 3 6,8 0,18 0,23 0,39 0,111 1,8 0,18 0,23 0,39 0,111 3,59 0,37 0,10 0,529 0,130 0,141 0,5 0,22 0,15
344 8 2 6,10 0,92 0,69 0,326 1,10 0,92 0,69 0,326
345 2 2 6,11 1,11
346 4 2 6,12 0,114 1,12 0,114
347 97 5 6,13 1,13 1,41 0,966 0,4 0,6 0,3 0,31 0,6 0,4 0,24 0,5 0,3 0,24 0,4 0,3 0,6 0,3 0,29 0,4 0,6 0,17 0,5 0,12 0,18 0,5 0,3 0,83 0,6 0,4 0,24 0,5 0,3 0,24 0,4 0,3 0,6 0,3 0,29 0,4 0,6 0,17 0,5 0,12 0,18 0,5 0,3 1,41 0,966 0,4 0,6 0,3 0,31 0,6 0,4 0,24 0,5 0,3 0,24 0,4 0,3 0,6 0,3 0,29 0,4 0,6 0,17 0,5 0,12 0,18 0,5 0,3 0,83 0,6 0,4 0,24 0,5 0,3 0,24 0,4 0,3 0,6 0,3 0,29 0,4 0,6 0,17 0,5 0,12 0,18 0,5 0,3 1,1327 0,3 0,14 0,32 0,64
348 10 4 6,14 0,368 1,14 0,368 1,9 0,216 0,1356 1,9 0,216 0,1356
349 4 2 6,16 0,383 1,16 0,383
350 5 5 6,27 1,27 1,974 1,974 1,1297
351 8 5 6,29 0,452 1,29 0,452 1,708 1,708 1,90 0,809
352 2 2 6,30 1,30
353 2 2 6,32 1,32
354 6 2 6,36 0,235 0,47 1,36 0,235 0,47
355 7 5 6,37 1,37 1,722 0,165 1,722 0,165 1,84
356 4 4 6,39 1,39 1,549 1,549
357 4 4 6,40 1,40 1,550 1,550
358 3 3 6,41 1,41 3,1337
359 10 3 6,44 0,18 1,44 0,18 3,182 0,42 0,2 0,305 0,334 0,42
360 2 2 6,45 1,45
361 2 2 6,46 1,46
362 5 3 6,47 1,47 3,104 0,404 0,151
363 4 3 6,48 1,48 3,634 0,149
364 4 2 6,51 0,25 1,51 0,25
365 2 2 6,55 1,55
366 13 3 6,59 1,59 3,260 0,196 0,82 0,9 0,101 0,10 0,4 0,8 0,68 0,18 0,4
367 2 2 6,60 1,60
368 14 5 6,64 0,373 0,6 1,64 0,373 0,6 1,1075 0,264 1,1075 0,264 1,215 0,15 0,209 0,436
369 2 2 6,65 1,65
370 2 2 6,66 1,66
371 2 2 6,67 1,67
372 4 2 6,68 0,6 1,68 0,6
373 4 2 6,69 0,335 1,69 0,335
374 8 5 6,70 1,70 1,725 1,725 1,404 0,62 0,20 0,470
375 2 2 6,71 1,71
376 7 5 6,72 1,72 1,514 1,514 1,701 0,43 0,27
377 5 3 6,73 0,10 1,73 0,10 3,717
378 14 5 6,79 1,79 1,19 0,743 0,314 0,264 0,247 1,19 0,743 0,314 0,264 0,247 1,21 0,278
379 3 3 6,80 1,80 3,873
380 13 3 6,81 1,81 3,92 0,22 0,176 0,48 0,105 0,14 0,135 0,17 0,6 0,143 0,188
381 2 2 6,82 1,82
382 6 2 6,84 0,207 0,47 1,84 0,207 0,47
383 24 2 6,85 0,242 0,4 0,4 0,4 0,4 0,4 0,4 0,3 0,4 0,4 0,5 1,85 0,242 0,4 0,4 0,4 0,4 0,4 0,4 0,3 0,4 0,4 0,5
384 2 2 6,86 1,86
385 2 2 6,87 1,87
386 4 4 6,90 1,90 1,598 1,598
387 6 2 6,92 0,73 0,321 1,92 0,73 0,321
388 16 2 6,93 0,5 0,69 0,100 0,103 0,6 0,31 0,86 1,93 0,5 0,69 0,100 0,103 0,6 0,31 0,86
389 6 4 6,95 1,95 1,1575 0,2 1,1575 0,2
390 2 2 6,97 1,97
391 12 2 6,99 0,69 0,203 0,6 0,31 0,86 1,99 0,69 0,203 0,6 0,31 0,86
392 6 2 6,101 0,69 0,326 1,101 0,69 0,326
393 4 2 6,103 0,395 1,103 0,395
394 4 2 6,104 0,395 1,104 0,395
395 2 2 6,106 1,106
396 6 5 6,107 1,107 1,110 1,110 1,363 0,677
397 7 3 6,109 0,297 1,109 0,297 3,243 0,284 0,186
398 8 2 6,110 0,7 0,6 0,8 1,110 0,7 0,6 0,8
399 8 2 6,112 0,18 0,11 0,239 1,112 0,18 0,11 0,239
400 11 5 6,113 0,314 1,113 0,314 1,52 0,601 0,5 1,52 0,601 0,5 1,188
401 6 2 6,115 0,13 0,250 1,115 0,13 0,250
402 9 3 6,116 0,3 0,10 0,250 1,116 0,3 0,10 0,250 3,967
403 4 2 6,120 0,267 1,120 0,267
404 10 4 6,122 0,56 1,122 0,56 1,304 0,345 0,333 1,304 0,345 0,333
405 2 2 6,127 1,127
406 6 2 6,136 0,13 0,303 1,136 0,13 0,303
407 4 2 6,137 0,314 1,137 0,314
408 3 3 6,139 1,139 3,307
409 7 3 6,140 1,140 3,537 0,76 0,74 0,49 0,133
410 3 3 6,142 1,142 3,1031
411 4 3 6,143 1,143 3,622 0,133
412 2 2 6,145 1,145
413 7 3 6,146 0,243 1,146 0,243 3,370 0,37 0,826
414 6 5 6,147 1,147 1,933 1,933 1,294 0,853
415 3 3 6,151 1,151 3,654
416 5 3 6,154 1,154 3,491 0,492 0,97
417 5 3 6,156 1,156 3,399 0,19 0,265
418 6 4 6,158 1,158 1,10 0,1572 1,10 0,1572
419 2 2 6,160 1,160
420 2 2 6,161 1,161
421 2 2 6,162 1,162
422 7 5 6,164 1,164 1,743 1,743 1,255 0,388 0,281
423 3 3 6,166 1,166 3,320
424 5 5 6,172 1,172 1,976 1,976 1,891
425 4 4 6,173 1,173 1,977 1,977
426 6 4 6,174 1,174 1,975 0,3 1,975 0,3
427 6 5 6,175 1,175 1,979 1,979 1,1151 0,1
428 8 4 6,177 0,310 1,177 0,310 1,981 0,10 1,981 0,10
429 11 5 6,180 0,201 1,180 0,201 1,841 0,143 0,615 1,841 0,143 0,615 1,372
430 4 2 6,182 0,2 1,182 0,2
431 4 3 6,185 1,185 3,888 0,509
432 2 2 6,186 1,186
433 2 2 6,189 1,189
434 16 4 6,190 0,124 0,47 1,190 0,124 0,47 1,35 0,684 0,58 0,79 0,27 1,35 0,684 0,58 0,79 0,27
435 4 2 6,191 0,46 1,191 0,46
436 2 2 6,200 1,200
437 2 2 6,201 1,201
438 2 2 6,202 1,202
439 4 2 6,203 0,11 1,203 0,11
440 3 3 6,204 1,204 3,1112
441 2 2 6,205 1,205
442 5 5 6,206 1,206 1,599 1,599 1,514
443 2 2 6,207 1,207
444 5 3 6,210 0,282 1,210 0,282 3,1142
445 7 3 6,212 1,212 3,818 0,514 0,14 0,23 0,5
446 2 2 6,213 1,213
447 2 2 6,215 1,215
448 8 3 6,216 0,34 0,144 1,216 0,34 0,144 3,1212 0,133
449 4 2 6,218 0,28 1,218 0,28
450 4 4 6,219 1,219 1,478 1,478
451 2 2 6,220 1,220
452 2 2 6,221 1,221
453 2 2 6,223 1,223
454 2 2 6,224 1,224
455 6 4 6,225 1,225 1,99 0,307 1,99 0,307
456 2 2 6,227 1,227
457 2 2 6,228 1,228
458 2 2 6,229 1,229
459 2 2 6,233 1,233
460 6 3 6,234 1,234 3,277 0,419 0,31 0,96
461 2 2 6,238 1,238
462 2 2 6,239 1,239
463 2 2 6,241 1,241
464 2 2 6,242 1,242
465 2 2 6,243 1,243
466 4 4 6,244 1,244 1,263 1,263
467 2 2 6,245 1,245
468 2 2 6,247 1,247
469 8 4 6,248 0,11 1,248 0,11 1,305 0,10 1,305 0,10
470 4 4 6,249 1,249 1,65 1,65
471 14 5 6,251 1,251 1,68 0,181 1,68 0,181 1,244 0,143 0,115 0,26 0,174 0,31 0,220 0,188
472 4 4 6,252 1,252 1,171 1,171
473 4 4 6,253 1,253 1,890 1,890
474 2 2 6,254 1,254
475 2 2 6,255 1,255
476 2 2 6,256 1,256
477 2 2 6,257 1,257
478 2 2 6,258 1,258
479 2 2 6,260 1,260
480 3 3 6,261 1,261 3,40
481 6 4 6,262 1,262 1,1158 0,264 1,1158 0,264
482 2 2 6,264 1,264
483 2 2 6,265 1,265
484 3 3 6,266 1,266 3,1089
485 2 2 6,268 1,268
486 3 3 6,269 1,269 3,1428
487 2 2 6,270 1,270
488 56 5 6,273 0,4 0,4 0,4 0,4 0,4 0,4 0,4 0,4 0,3 0,4 0,4 0,4 0,4 0,4 0,4 0,4 0,4 0,4 0,4 0,4 0,3 0,4 0,4 1,273 0,4 0,4 0,4 0,4 0,4 0,4 0,4 0,4 0,3 0,4 0,4 0,4 0,4 0,4 0,4 0,4 0,4 0,4 0,4 0,4 0,3 0,4 0,4 1,49 1,49 1,37 0,179 0,31 0,39 0,224 0,479
489 2 2 6,274 1,274
490 4 2 6,275 0,47 1,275 0,47
491 2 2 6,278 1,278
492 4 2 6,279 0,47 1,279 0,47
493 2 2 6,282 1,282
494 5 3 6,283 0,47 1,283 0,47 3,102
495 2 2 6,286 1,286
496 4 2 6,287 0,47 1,287 0,47
497 2 2 6,290 1,290
498 2 2 6,294 1,294
499 4 2 6,295 0,47 1,295 0,47
500 2 2 6,298 1,298
501 4 2 6,299 0,47 1,299 0,47
502 2 2 6,302 1,302
503 4 2 6,303 0,47 1,303 0,47
504 2 2 6,306 1,306
505 2 2 6,309 1,309
506 4 2 6,310 0,47 1,310 0,47
507 2 2 6,313 1,313
508 4 2 6,317 0,24 1,317 0,24
509 2 2 6,321 1,321
510 2 2 6,325 1,325
511 2 2 6,329 1,329
512 2 2 6,333 1,333
513 2 2 6,337 1,337
514 2 2 6,345 1,345
515 2 2 6,349 1,349
516 2 2 6,353 1,353
517 2 2 6,356 1,356
518 4 4 6,360 1,360 1,723 1,723
519 2 2 6,364 1,364
520 4 2 6,369 0,3 1,369 0,3
521 4 2 6,383 0,12 1,383 0,12
522 2 2 6,388 1,388
523 6 5 6,390 1,390 1,990 1,990 1,721 0,134
524 2 2 6,392 1,392
525 4 2 6,393 0,33 1,393 0,33
526 4 4 6,398 1,398 1,1590 1,1590
527 3 3 6,401 1,401 3,854
528 2 2 6,402 1,402
529 2 2 6,409 1,409
530 20 4 6,411 1,411 1,474 0,532 0,44 0,66 0,45 0,121 0,32 0,66 0,45 1,474 0,532 0,44 0,66 0,45 0,121 0,32 0,66 0,45
531 2 2 6,412 1,412
532 3 3 6,413 1,413 3,660
533 6 4 6,414 1,414 1,1066 0,264 1,1066 0,264
534 6 4 6,416 1,416 1,1244 0,60 1,1244 0,60
535 10 4 6,419 0,29 0,16 0,12 1,419 0,29 0,16 0,12 1,636 1,636
536 2 2 6,420 1,420
537 8 2 6,425 0,6 0,19 0,24 1,425 0,6 0,19 0,24
538 3 3 6,432 1,432 3,749
539 2 2 6,433 1,433
540 2 2 6,434 1,434
541 5 5 6,435 1,435 1,458 1,458 1,454
542 3 3 6,436 1,436 3,1438
543 9 5 6,438 1,438 1,377 0,78 0,815 1,377 0,78 0,815 1,60
544 2 2 6,440 1,440
545 25 5 6,441 1,441 1,1021 0,4 0,69 0,40 0,4 0,37 0,183 0,40 0,4 0,37 1,1021 0,4 0,69 0,40 0,4 0,37 0,183 0,40 0,4 0,37 1,16 0,6 0,36
546 2 2 6,442 1,442
547 2 2 6,445 1,445
548 6 3 6,446 1,446 3,403 0,153 0,13 0,173
549 2 2 6,447 1,447
550 2 2 6,453 1,453
551 3 3 6,455 1,455 3,802
552 4 2 6,457 0,31 1,457 0,31
553 2 2 6,458 1,458
554 4 2 6,459 0,16 1,459 0,16
555 2 2 6,460 1,460
556 2 2 6,461 1,461
557 7 5 6,463 1,463 1,170 1,170 1,213 0,224 0,9
558 7 3 6,468 1,468 3,179 0,703 0,7 0,148 0,26
559 5 3 6,469 1,469 3,132 0,30 0,442
560 2 2 6,470 1,470
561 4 4 6,477 1,477 1,300 1,300
562 4 4 6,478 1,478 1,655 1,655
563 2 2 6,484 1,484
564 2 2 6,485 1,485
565 4 4 6,491 1,491 1,993 1,993
566 2 2 8,5 1,5
567 10 2 8,7 0,637 0,21 0,8 0,921 1,7 0,637 0,21 0,8 0,921
568 8 2 8,15 0,1170 0,264 0,134 1,15 0,1170 0,264 0,134
569 8 2 8,16 0,1200 0,264 0,104 1,16 0,1200 0,264 0,104
570 10 2 8,17 0,603 0,424 0,264 0,277 1,17 0,603 0,424 0,264 0,277
571 10 3 8,18 0,1027 0,264 0,277 1,18 0,1027 0,264 0,277 1,73 0,937
572 16 2 8,21 0,2 0,16 0,1066 0,1 0,263 0,1 0,219 1,21 0,2 0,16 0,1066 0,1 0,263 0,1 0,219
573 6 2 8,32 0,18 0,606 1,32 0,18 0,606
574 6 2 8,33 0,18 0,606 1,33 0,18 0,606
575 5 3 8,34 1,34 1,6 0,75 0,814
576 2 2 8,44 1,44
577 4 2 8,48 0,399 1,48 0,399
578 4 2 8,54 0,608 1,54 0,608
579 2 2 8,58 1,58
580 3 3 8,60 1,60 1,559
581 2 2 8,62 1,62
582 6 3 8,67 1,67 1,554 0,14 0,173 0,365
583 4 2 8,70 0,258 1,70 0,258
584 3 3 8,71 1,71 1,931
585 2 2 8,72 1,72
586 13 3 8,74 0,644 0,58 0,79 0,27 1,74 0,644 0,58 0,79 0,27 1,681 0,187 0,40
587 4 2 8,76 0,325 1,76 0,325
588 2 2 8,78 1,78
589 2 2 8,80 1,80
590 2 2 8,82 1,82
591 2 2 8,83 1,83
592 2 2 8,84 1,84
593 2 2 8,85 1,85
594 4 2 8,86 0,321 1,86 0,321
595 4 2 8,87 0,747 1,87 0,747
596 4 2 8,89 0,50 1,89 0,50
597 2 2 8,90 1,90
598 14 3 8,91 1,91 1,208 0,53 0,5 0,22 0,167 0,194 0,4 0,35 0,66 0,25 0,20 0,291
599 2 2 8,92 1,92
600 3 3 8,93 1,93 1,1149
601 2 2 8,97 1,97
602 4 2 8,98 0,862 1,98 0,862
603 2 2 8,102 1,102
604 4 2 8,106 0,390 1,106 0,390
605 4 2 8,107 0,289 1,107 0,289
606 2 2 8,112 1,112
607 5 3 8,113 0,349 1,113 0,349 1,1275
608 12 2 8,115 0,62 0,287 0,40 0,24 0,11 1,115 0,62 0,287 0,40 0,24 0,11
609 2 2 8,117 1,117
610 2 2 8,118 1,118
611 2 2 8,123 1,123
612 4 2 8,124 0,281 1,124 0,281
613 12 3 8,127 0,76 0,145 0,117 0,138 1,127 0,76 0,145 0,117 0,138 1,718 0,4
614 8 2 8,128 0,14 0,48 0,15 1,128 0,14 0,48 0,15
615 6 2 8,134 0,19 0,478 1,134 0,19 0,478
616 6 2 8,135 0,19 0,478 1,135 0,19 0,478
617 6 3 8,140 1,140 1,377 0,244 0,140 0,111
618 5 3 8,144 0,127 1,144 0,127 1,125
619 2 2 8,145 1,145
620 2 2 8,146 1,146
621 4 2 8,147 0,455 1,147 0,455
622 2 2 8,148 1,148
623 2 2 8,149 1,149
624 3 3 8,151 1,151 1,1386
625 2 2 8,160 1,160
626 6 2 8,168 0,26 0,131 1,168 0,26 0,131
627 12 2 8,169 0,26 0,131 0,49 0,17 0,435 1,169 0,26 0,131 0,49 0,17 0,435
628 6 2 8,172 0,45 0,28 1,172 0,45 0,28
629 4 2 8,173 0,1105 1,173 0,1105
630 2 2 8,174 1,174
631 2 2 8,176 1,176
632 2 2 8,179 1,179
633 2 2 8,180 1,180
634 2 2 8,182 1,182
635 5 3 8,186 0,79 1,186 0,79 1,1073
636 2 2 8,189 1,189
637 4 2 8,192 0,15 1,192 0,15
638 4 2 8,198 0,13 1,198 0,13
639 2 2 8,200 1,200
640 4 2 8,201 0,7 1,201 0,7
641 2 2 8,204 1,204
642 13 3 8,215 0,246 0,2 0,16 0,85 0,51 1,215 0,246 0,2 0,16 0,85 0,51 1,565
643 2 2 8,220 1,220
644 2 2 8,222 1,222
645 2 2 8,223 1,223
646 2 2 8,224 1,224
647 3 3 8,226 1,226 1,596
648 2 2 8,227 1,227
649 2 2 8,229 1,229
650 10 2 8,231 0,520 0,21 0,185 0,13 1,231 0,520 0,21 0,185 0,13
651 2 2 8,236 1,236
652 2 2 8,242 1,242
653 3 3 8,248 1,248 1,115
654 2 2 8,250 1,250
655 6 2 8,251 0,2 0,29 1,251 0,2 0,29
656 9 3 8,252 0,330 0,377 1,252 0,330 0,377 1,682 0,111 0,7
657 4 2 8,254 0,22 1,254 0,22
658 2 2 8,257 1,257
659 2 2 8,259 1,259
660 3 3 8,261 1,261 1,191
661 2 2 8,262 1,262
662 4 2 8,268 0,10 1,268 0,10
663 2 2 8,269 1,269
664 2 2 8,272 1,272
665 4 2 8,273 0,21 1,273 0,21
666 3 3 8,281 1,281 1,1103
667 2 2 8,285 1,285
668 2 2 8,286 1,286
669 4 2 8,287 0,136 1,287 0,136
670 6 3 8,289 0,228 1,289 0,228 1,322 0,229
671 2 2 8,293 1,293
672 2 2 8,296 1,296
673 2 2 8,297 1,297
674 3 3 8,306 1,306 1,1290
675 2 2 8,310 1,310
676 2 2 8,314 1,314
677 2 2 8,318 1,318
678 2 2 8,320 1,320
679 3 3 8,322 1,322 1,1049
680 2 2 8,323 1,323
681 2 2 8,329 1,329
682 6 2 8,332 0,489 0,128 1,332 0,489 0,128
683 5 3 8,333 0,622 1,333 0,622 1,1224
684 6 2 8,334 0,154 0,311 1,334 0,154 0,311
685 6 2 8,336 0,240 0,8 1,336 0,240 0,8
686 2 2 8,345 1,345
687 8 2 8,350 0,4 0,14 0,462 1,350 0,4 0,14 0,462
688 4 2 8,356 0,8 1,356 0,8
689 3 3 8,359 1,359 1,673
690 2 2 8,363 1,363
691 3 3 8,366 1,366 1,12
692 2 2 8,369 1,369
693 2 2 8,370 1,370
694 2 2 8,371 1,371
695 8 2 8,373 0,17 0,36 0,185 1,373 0,17 0,36 0,185
696 4 3 8,379 1,379 1,241 0,284
697 2 2 8,380 1,380
698 2 2 8,382 1,382
699 2 2 8,383 1,383
700 10 2 8,384 0,18 0,333 0,223 0,13 1,384 0,18 0,333 0,223 0,13
701 2 2 8,386 1,386
702 2 2 8,389 1,389
703 4 2 8,395 0,399 1,395 0,399
704 4 2 8,404 0,457 1,404 0,457
705 2 2 8,412 1,412
706 9 3 8,415 0,204 0,112 0,7 1,415 0,204 0,112 0,7 1,1104
707 2 2 8,416 1,416
708 3 3 8,417 1,417 1,794
709 2 2 8,419 1,419
710 3 3 8,420 1,420 1,1262
711 2 2 8,421 1,421
712 4 2 8,424 0,1129 1,424 0,1129
713 2 2 8,425 1,425
714 2 2 8,427 1,427
715 7 3 8,428 0,182 0,657 1,428 0,182 0,657 1,711
716 2 2 8,433 1,433
717 2 2 8,440 1,440
718 2 2 8,441 1,441
719 2 2 8,442 1,442
720 2 2 8,443 1,443
721 3 3 8,451 1,451 1,926
722 2 2 8,452 1,452
723 2 2 8,453 1,453
724 2 2 8,457 1,457
725 2 2 8,460 1,460
726 3 3 8,467 1,467 1,1088
727 2 2 8,469 1,469
728 2 2 8,473 1,473
729 2 2 8,475 1,475
730 2 2 8,476 1,476
731 2 2 8,480 1,480
732 2 2 8,481 1,481
733 6 3 8,489 1,489 1,74 0,103 0,90 0,744
734 2 2 8,490 1,490
735 2 2 8,491 1,491
736 2 2 8,492 1,492
737 6 2 8,497 0,44 0,18 1,497 0,44 0,18
738 2 2 8,500 1,500
739 2 2 8,506 1,506
740 4 2 8,508 0,13 1,508 0,13
741 2 2 8,509 1,509
742 6 2 8,511 0,9 0,127 1,511 0,9 0,127
743 2 2 8,513 1,513
744 2 2 8,515 1,515
745 2 2 8,516 1,516
746 2 2 8,518 1,518
747 2 2 8,519 1,519
748 2 2 8,525 1,525
749 4 2 8,531 0,12 1,531 0,12
750 2 2 8,532 1,532
751 2 2 8,533 1,533
752 2 2 8,534 1,534
753 4 2 8,536 0,149 1,536 0,149
754 2 2 8,537 1,537
755 2 2 8,538 1,538
756 5 3 8,544 1,544 1,203 0,191 0,177
757 2 2 8,546 1,546
758 2 2 8,547 1,547
759 2 2 8,548 1,548
760 2 2 8,551 1,551
761 2 2 8,552 1,552
762 2 2 8,555 1,555
763 2 2 8,556 1,556
764 2 2 8,557 1,557
765 2 2 8,558 1,558
766 2 2 8,561 1,561
767 2 2 8,562 1,562
768 2 2 8,563 1,563
769 2 2 8,567 1,567
770 2 2 8,568 1,568
771 2 2 8,571 1,571
772 10 2 8,574 0,4 0,18 0,8 0,10 1,574 0,4 0,18 0,8 0,10
773 11 3 8,575 0,8 0,490 0,264 1,575 0,8 0,490 0,264 1,258 0,388 0,612
774 7 3 8,580 0,202 0,106 1,580 0,202 0,106 1,88
775 2 2 8,581 1,581
776 2 2 8,585 1,585
777 2 2 8,586 1,586
778 2 2 8,587 1,587
779 2 2 8,590 1,590
780 2 2 8,592 1,592
781 5 3 8,593 0,8 1,593 0,8 1,1058
782 2 2 8,594 1,594
783 2 2 8,605 1,605
784 2 2 8,606 1,606
785 2 2 8,607 1,607
786 2 2 8,608 1,608
787 2 2 8,609 1,609
788 2 2 8,616 1,616
789 4 2 8,622 0,304 1,622 0,304
790 6 2 8,624 0,584 0,264 1,624 0,584 0,264
791 2 2 8,625 1,625
792 6 2 8,627 0,8 0,134 1,627 0,8 0,134
793 2 2 8,629 1,629
794 2 2 8,630 1,630
795 6 2 8,637 0,6 0,102 1,637 0,6 0,102
796 4 2 8,640 0,101 1,640 0,101
797 4 2 8,641 0,101 1,641 0,101
798 2 2 8,648 1,648
799 2 2 8,650 1,650
800 2 2 8,652 1,652
801 2 2 8,659 1,659
802 2 2 8,660 1,660
803 2 2 8,666 1,666
804 2 2 8,667 1,667
805 5 3 8,670 0,22 1,670 0,22 1,1265
806 2 2 8,674 1,674
807 4 2 8,675 0,223 1,675 0,223
808 3 3 8,677 1,677 1,131
809 2 2 8,678 1,678
810 2 2 8,679 1,679
811 8 2 8,680 0,4 0,6 0,6 1,680 0,4 0,6 0,6
812 2 2 8,681 1,681
813 2 2 8,682 1,682
814 2 2 8,683 1,683
815 2 2 8,686 1,686
816 2 2 8,688 1,688
817 2 2 8,689 1,689
818 2 2 8,694 1,694
819 2 2 8,695 1,695
820 5 3 8,699 0,141 1,699 0,141 1,121
821 8 3 8,700 0,143 1,700 0,143 1,1334 0,19 0,18 0,18
822 2 2 8,701 1,701
823 3 3 8,710 1,710 1,897
824 6 3 8,712 1,712 1,492 0,27 0,2 0,11
825 2 2 8,717 1,717
826 3 3 8,724 1,724 1,745
827 2 2 8,727 1,727
828 2 2 8,730 1,730
829 4 2 8,732 0,7 1,732 0,7
830 4 2 8,737 0,126 1,737 0,126
831 2 2 8,740 1,740
832 2 2 8,746 1,746
833 6 2 8,748 0,464 0,264 1,748 0,464 0,264
834 2 2 8,752 1,752
835 2 2 8,753 1,753
836 16 2 8,754 0,248 0,78 0,32 0,44 0,188 0,32 0,44 1,754 0,248 0,78 0,32 0,44 0,188 0,32 0,44
837 2 2 8,755 1,755
838 4 2 8,756 0,103 1,756 0,103
839 3 3 8,757 1,757 1,302
840 2 2 8,758 1,758
841 4 3 8,763 1,763 1,597 0,371
842 3 3 8,768 1,768 1,821
843 2 2 8,770 1,770
844 4 3 8,773 1,773 1,314 0,162
845 2 2 8,774 1,774
846 2 2 8,775 1,775
847 2 2 8,781 1,781
848 5 3 8,785 1,785 1,505 0,189 0,139
849 4 2 8,786 0,17 1,786 0,17
850 2 2 8,788 1,788
851 4 2 8,789 0,15 1,789 0,15
852 2 2 8,790 1,790
853 3 3 8,792 1,792 1,920
854 3 3 8,793 1,793 1,426
855 2 2 8,796 1,796
856 2 2 8,801 1,801
857 2 2 8,805 1,805
858 2 2 8,806 1,806
859 2 2 8,808 1,808
860 2 2 8,810 1,810
861 2 2 8,816 1,816
862 3 3 8,817 1,817 1,1036
863 4 2 8,820 0,688 1,820 0,688
864 2 2 8,823 1,823
865 2 2 8,825 1,825
866 2 2 8,828 1,828
867 2 2 8,831 1,831
868 2 2 8,833 1,833
869 2 2 8,837 1,837
870 6 3 8,839 0,444 1,839 0,444 1,144 0,152
871 2 2 8,842 1,842
872 2 2 8,844 1,844
873 2 2 8,845 1,845
874 2 2 8,847 1,847
875 2 2 8,848 1,848
876 4 3 8,849 1,849 1,1218 0,145
877 2 2 8,850 1,850
878 2 2 8,854 1,854
879 2 2 8,860 1,860
880 2 2 8,864 1,864
881 2 2 8,865 1,865
882 2 2 8,866 1,866
883 4 2 8,870 0,382 1,870 0,382
884 2 2 8,871 1,871
885 2 2 8,872 1,872
886 2 2 8,873 1,873
887 2 2 8,874 1,874
888 3 3 8,877 1,877 1,763
889 4 3 8,878 1,878 1,30 0,880
890 2 2 8,879 1,879
891 3 3 8,880 1,880 1,1122
892 2 2 8,881 1,881
893 4 2 8,886 0,364 1,886 0,364
894 2 2 8,889 1,889
895 2 2 8,891 1,891
896 2 2 8,896 1,896
897 7 3 8,901 1,901 1,689 0,8 0,113 0,18 0,7
898 2 2 8,908 1,908
899 2 2 8,909 1,909
900 2 2 8,911 1,911
901 2 2 8,917 1,917
902 2 2 8,919 1,919
903 2 2 8,920 1,920
904 2 2 8,925 1,925
905 2 2 8,931 1,931
906 2 2 8,932 1,932
907 3 3 8,935 1,935 1,767
908 2 2 8,936 1,936
909 4 2 8,939 0,12 1,939 0,12
910 2 2 8,948 1,948
911 2 2 8,952 1,952
912 2 2 8,953 1,953
913 2 2 8,954 1,954
914 2 2 8,961 1,961
915 2 2 8,967 1,967
916 2 2 8,972 1,972
917 2 2 8,973 1,973
918 2 2 8,985 1,985
919 2 2 8,986 1,986
920 2 2 8,987 1,987
921 2 2 8,988 1,988
922 10 3 8,992 0,51 0,530 0,3 1,992 0,51 0,530 0,3 1,34 0,1272
923 6 2 8,1000 0,110 0,264 1,1000 0,110 0,264
924 12 2 8,1001 0,28 0,82 0,31 0,233 0,31 1,1001 0,28 0,82 0,31 0,233 0,31
925 10 2 8,1004 0,110 0,107 0,157 0,107 1,1004 0,110 0,107 0,157 0,107
926 6 2 8,1005 0,110 0,264 1,1005 0,110 0,264
927 14 2 8,1008 0,44 0,66 0,45 0,153 0,66 0,45 1,1008 0,44 0,66 0,45 0,153 0,66 0,45
928 24 2 8,1009 0,44 0,30 0,36 0,45 0,58 0,95 0,30 0,36 0,45 0,58 0,45 1,1009 0,44 0,30 0,36 0,45 0,58 0,95 0,30 0,36 0,45 0,58 0,45
929 10 2 8,1014 0,113 0,100 0,164 0,100 1,1014 0,113 0,100 0,164 0,100
930 10 2 8,1015 0,73 0,40 0,224 0,40 1,1015 0,73 0,40 0,224 0,40
931 24 2 8,1018 0,44 0,29 0,40 0,42 0,57 0,96 0,29 0,40 0,42 0,57 0,46 1,1018 0,44 0,29 0,40 0,42 0,57 0,96 0,29 0,40 0,42 0,57 0,46
932 6 2 8,1022 0,113 0,264 1,1022 0,113 0,264
933 6 2 8,1023 0,113 0,264 1,1023 0,113 0,264
934 10 2 8,1024 0,71 0,42 0,222 0,42 1,1024 0,71 0,42 0,222 0,42
935 18 2 8,1026 0,41 0,29 0,43 0,37 0,155 0,29 0,43 0,37 1,1026 0,41 0,29 0,43 0,37 0,155 0,29 0,43 0,37
936 16 2 8,1032 0,68 0,45 0,89 0,130 0,45 0,89 0,68 1,1032 0,68 0,45 0,89 0,130 0,45 0,89 0,68
937 2 2 8,1039 1,1039
938 2 2 8,1040 1,1040
939 2 2 8,1042 1,1042
940 5 3 8,1054 0,264 1,1054 0,264 1,1118
941 4 2 8,1063 0,264 1,1063 0,264
942 4 2 8,1065 0,264 1,1065 0,264
943 4 2 8,1154 0,264 1,1154 0,264
944 4 2 8,1160 0,264 1,1160 0,264
945 4 2 8,1168 0,264 1,1168 0,264
946 5 3 8,1179 0,264 1,1179 0,264 1,902
947 4 2 8,1180 0,264 1,1180 0,264
948 4 2 8,1190 0,264 1,1190 0,264
949 4 2 8,1191 0,264 1,1191 0,264
950 4 2 8,1192 0,264 1,1192 0,264
951 4 2 8,1193 0,264 1,1193 0,264
952 4 2 8,1195 0,264 1,1195 0,264
953 4 2 8,1197 0,264 1,1197 0,264
954 4 2 8,1198 0,264 1,1198 0,264
955 4 2 8,1199 0,264 1,1199 0,264
956 4 2 8,1203 0,264 1,1203 0,264
957 4 2 8,1204 0,264 1,1204 0,264
958 4 2 8,1205 0,264 1,1205 0,264
959 4 2 8,1207 0,264 1,1207 0,264
960 4 2 8,1209 0,264 1,1209 0,264
961 5 3 8,1210 0,264 1,1210 0,264 1,680
962 4 2 8,1211 0,264 1,1211 0,264
963 4 2 8,1213 0,264 1,1213 0,264
964 6 2 8,1214 0,39 0,225 1,1214 0,39 0,225
965 4 2 8,1215 0,264 1,1215 0,264
966 4 2 8,1231 0,264 1,1231 0,264
967 6 2 8,1233 0,264 0,99 1,1233 0,264 0,99
968 5 3 8,1239 0,264 1,1239 0,264 1,1410
969 4 2 8,1240 0,264 1,1240 0,264
970 4 3 8,1241 1,1241 1,784 0,159
971 2 2 8,1242 1,1242
972 2 2 8,1245 1,1245
973 2 2 8,1248 1,1248
974 2 2 8,1249 1,1249
975 2 2 8,1254 1,1254
976 2 2 8,1255 1,1255
977 2 2 8,1256 1,1256
978 2 2 8,1257 1,1257
979 2 2 8,1259 1,1259
980 2 2 8,1260 1,1260
981 9 3 8,1262 1,1262 1,117 0,232 0,281 0,173 0,317 0,135 0,28
982 2 2 8,1265 1,1265
983 2 2 8,1266 1,1266
984 4 2 8,1268 0,287 1,1268 0,287
985 3 3 8,1272 1,1272 1,703
986 2 2 8,1273 1,1273
987 4 2 8,1274 0,296 1,1274 0,296
988 2 2 8,1275 1,1275
989 2 2 8,1276 1,1276
990 2 2 8,1277 1,1277
991 2 2 8,1285 1,1285
992 2 2 8,1286 1,1286
993 2 2 8,1287 1,1287
994 2 2 8,1289 1,1289
995 2 2 8,1290 1,1290
996 2 2 8,1293 1,1293
997 2 2 8,1294 1,1294
998 4 3 8,1296 1,1296 1,1315 0,121
999 2 2 8,1300 1,1300
1000 5 3 8,1302 1,1302 1,205 0,263 0,109
1001 2 2 8,1307 1,1307
1002 2 2 8,1505 1,1505
1003 2 2 8,1506 1,1506
1004 2 2 8,1507 1,1507
1005 2 2 8,1509 1,1509
1006 2 2 8,1510 1,1510
1007 2 2 8,1511 1,1511
1008 2 2 8,1512 1,1512
1009 2 2 8,1514 1,1514
1010 2 2 8,1518 1,1518
1011 2 2 8,1519 1,1519
1012 2 2 8,1520 1,1520
1013 2 2 8,1521 1,1521
1014 2 2 8,1522 1,1522
1015 2 2 8,1523 1,1523
1016 2 2 8,1525 1,1525
1017 2 2 8,1526 1,1526
1018 2 2 8,1528 1,1528
1019 2 2 8,1529 1,1529
1020 2 2 8,1530 1,1530
1021 2 2 8,1532 1,1532
1022 2 2 8,1533 1,1533
1023 2 2 8,1534 1,1534
1024 2 2 8,1536 1,1536
1025 2 2 8,1537 1,1537
1026 2 2 8,1543 1,1543
1027 2 2 8,1545 1,1545
1028 2 2 8,1546 1,1546
1029 2 2 8,1547 1,1547
1030 2 2 8,1548 1,1548
1031 2 2 8,1549 1,1549
1032 2 2 8,1550 1,1550
1033 2 2 8,1551 1,1551
1034 2 2 8,1552 1,1552
1035 2 2 8,1554 1,1554
1036 2 2 8,1557 1,1557
1037 2 2 8,1559 1,1559
1038 2 2 8,1561 1,1561
1039 2 2 8,1562 1,1562
1040 2 2 8,1563 1,1563
1041 2 2 8,1564 1,1564
1042 2 2 8,1565 1,1565
1043 2 2 8,1597 1,1597
1044 2 2 8,1600 1,1600
1045 3 1 10,4 0,64 0,937
1046 12 1 10,7 0,6 0,207 0,91 0,574 0,72 0,104 0,21 0,137 0,18 0,49 0,25
1047 12 1 10,8 0,6 0,207 0,91 0,574 0,72 0,104 0,21 0,137 0,18 0,49 0,25
1048 2 1 10,9 0,2
1049 1 1 10,10
1050 3 1 10,17 0,577 0,182
1051 6 1 10,18 0,273 0,168 0,120 0,14 0,17
1052 6 1 10,19 0,296 0,229 0,695 0,14 0,6
1053 3 1 10,20 0,1220 0,14
1054 4 1 10,23 0,941 0,6 0,245
1055 1 1 10,24
1056 1 1 10,25
1057 1 1 10,26
1058 1 1 10,27
1059 1 1 10,28
1060 1 1 10,29
1061 6 1 10,31 0,166 0,37 0,20 0,321 0,67
1062 1 1 10,33
1063 1 1 10,38
1064 1 1 10,39
1065 1 1 10,42
1066 3 1 10,43 0,5 0,4
1067 1 1 10,44
1068 1 1 10,45
1069 1 1 10,46
1070 1 1 10,47
1071 3 1 10,49 0,869 0,237
1072 2 1 10,50 0,869
1073 1 1 10,51
1074 3 1 10,53 0,1077 0,7
1075 2 1 10,54 0,1084
1076 1 1 10,55
1077 1 1 10,56
1078 1 1 10,57
1079 11 1 10,62 0,83 0,21 0,21 0,12 0,37 0,37 0,81 0,21 0,564 0,84
1080 3 1 10,63 0,937 0,267
1081 4 1 10,70 0,46 0,41 0,850
1082 2 1 10,71 0,937
1083 8 1 10,72 0,62 0,34 0,164 0,44 0,172 0,55 0,406
1084 4 1 10,75 0,131 0,806 0,59
1085 4 1 10,79 0,801 0,3 0,133
1086 4 1 10,80 0,801 0,3 0,133
1087 1 1 10,82
1088 1 1 10,83
1089 1 1 10,87
1090 1 1 10,89
1091 1 1 10,97
1092 1 1 10,98
1093 4 1 10,100 0,400 0,440 0,144
1094 4 1 10,103 0,51 0,181 0,172
1095 4 1 10,105 0,50 0,181 0,368
1096 3 1 10,110 0,585 0,139
1097 1 1 10,111
1098 3 1 10,113 0,166 0,81
1099 1 1 10,118
1100 2 1 10,119 0,197
1101 5 1 10,120 0,19 0,35 0,11 0,132
1102 1 1 10,122
1103 1 1 10,123
1104 1 1 10,124
1105 1 1 10,127
1106 1 1 10,128
1107 1 1 10,129
1108 2 1 10,130 0,1171
1109 3 1 10,133 0,754 0,427
1110 1 1 10,135
1111 1 1 10,136
1112 1 1 10,137
1113 1 1 10,138
1114 1 1 10,143
1115 3 1 10,146 0,181 0,1035
1116 1 1 10,147
1117 1 1 10,148
1118 2 1 10,149 0,155
1119 1 1 10,150
1120 3 1 10,151 0,183 0,46
1121 6 1 10,152 0,229 0,3 0,117 0,192 0,139
1122 1 1 10,153
1123 2 1 10,156 0,181
1124 1 1 10,158
1125 1 1 10,159
1126 1 1 10,161
1127 1 1 10,163
1128 1 1 10,164
1129 2 1 10,167 0,212
1130 1 1 10,169
1131 1 1 10,170
1132 3 1 10,171 0,74 0,40
1133 2 1 10,173 0,938
1134 3 1 10,175 0,318 0,737
1135 1 1 10,176
1136 1 1 10,178
1137 8 1 10,180 0,13 0,11 0,67 0,241 0,60 0,213 0,59
1138 3 1 10,183 0,289 0,7
1139 4 1 10,184 0,289 0,7 0,544
1140 4 1 10,189 0,196 0,12 0,38
1141 1 1 10,196
1142 2 1 10,209 0,378
1143 1 1 10,212
1144 1 1 10,214
1145 1 1 10,218
1146 2 1 10,222 0,656
1147 2 1 10,225 0,12
1148 2 1 10,228 0,573
1149 3 1 10,229 0,277 0,245
1150 1 1 10,231
1151 2 1 10,232 0,120
1152 1 1 10,235
1153 1 1 10,238
1154 2 1 10,240 0,284
1155 3 1 10,242 0,261 0,23
1156 1 1 10,246
1157 7 1 10,249 0,388 0,242 0,446 0,14 0,21 0,21
1158 3 1 10,250 0,388 0,228
1159 2 1 10,251 0,388
1160 4 1 10,252 0,388 0,108 0,114
1161 3 1 10,253 0,388 0,767
1162 2 1 10,256 0,388
1163 3 1 10,257 0,388 0,80
1164 2 1 10,259 0,388
1165 1 1 10,264
1166 1 1 10,268
1167 1 1 10,269
1168 3 1 10,274 0,436 0,115
1169 5 1 10,275 0,54 0,53 0,129 0,188
1170 5 1 10,276 0,263 0,161 0,43 0,83
1171 1 1 10,280
1172 2 1 10,281 0,561
1173 1 1 10,282
1174 1 1 10,287
1175 3 1 10,292 0,64 0,330
1176 6 1 10,295 0,245 0,65 0,62 0,131 0,50
1177 1 1 10,300
1178 1 1 10,301
1179 1 1 10,308
1180 1 1 10,309
1181 1 1 10,310
1182 1 1 10,318
1183 1 1 10,319
1184 1 1 10,324
1185 1 1 10,326
1186 5 1 10,328 0,137 0,20 0,88 0,125
1187 1 1 10,330
1188 1 1 10,331
1189 2 1 10,339 0,277
1190 2 1 10,340 0,277
1191 3 1 10,341 0,64 0,213
1192 2 1 10,342 0,277
1193 3 1 10,343 0,277 0,184
1194 2 1 10,346 0,281
1195 2 1 10,347 0,281
1196 2 1 10,348 0,281
1197 2 1 10,350 0,281
1198 5 1 10,351 0,123 0,15 0,94 0,129
1199 1 1 10,353
1200 1 1 10,357
1201 2 1 10,358 0,487
1202 2 1 10,359 0,19
1203 1 1 10,361
1204 1 1 10,364
1205 1 1 10,365
1206 1 1 10,366
1207 2 1 10,367 0,81
1208 1 1 10,368
1209 1 1 10,371
1210 1 1 10,373
1211 2 1 10,374 0,227
1212 3 1 10,383 0,309 0,139
1213 1 1 10,389
1214 2 1 10,390 0,582
1215 4 1 10,393 0,7 0,63 0,407
1216 1 1 10,395
1217 2 1 10,401 0,470
1218 3 1 10,406 0,63 0,550
1219 1 1 10,409
1220 1 1 10,411
1221 1 1 10,412
1222 1 1 10,413
1223 1 1 10,415
1224 1 1 10,419
1225 1 1 10,423
1226 1 1 10,425
1227 1 1 10,427
1228 1 1 10,428
1229 1 1 10,429
1230 1 1 10,430
1231 1 1 10,432
1232 2 1 10,433 0,700
1233 2 1 10,434 0,173
1234 1 1 10,438
1235 3 1 10,440 0,24 0,69
1236 1 1 10,441
1237 3 1 10,442 0,5 0,498
1238 1 1 10,444
1239 1 1 10,445
1240 1 1 10,449
1241 2 1 10,450 0,993
1242 1 1 10,451
1243 1 1 10,452
1244 1 1 10,453
1245 1 1 10,458
1246 2 1 10,461 0,296
1247 1 1 10,467
1248 1 1 10,475
1249 2 1 10,477 0,7
1250 2 1 10,481 0,355
1251 2 1 10,482 0,418
1252 2 1 10,483 0,913
1253 1 1 10,488
1254 3 1 10,490 0,94 0,279
1255 1 1 10,494
1256 1 1 10,495
1257 1 1 10,497
1258 1 1 10,498
1259 1 1 10,509
1260 1 1 10,513
1261 1 1 10,515
1262 1 1 10,517
1263 1 1 10,518
1264 1 1 10,522
1265 1 1 10,534
1266 1 1 10,535
1267 1 1 10,541
1268 1 1 10,542
1269 1 1 10,545
1270 1 1 10,549
1271 2 1 10,550 0,62
1272 1 1 10,553
1273 1 1 10,560
1274 1 1 10,562
1275 1 1 10,563
1276 1 1 10,570
1277 1 1 10,574
1278 1 1 10,576
1279 1 1 10,578
1280 4 1 10,581 0,410 0,5 0,221
1281 1 1 10,586
1282 1 1 10,589
1283 1 1 10,590
1284 1 1 10,595
1285 1 1 10,598
1286 1 1 10,599
1287 1 1 10,600
1288 2 1 10,602 0,30
1289 2 1 10,606 0,233
1290 2 1 10,608 0,232
1291 1 1 10,614
1292 2 1 10,623 0,166
1293 1 1 10,624
1294 2 1 10,633 0,149
1295 1 1 10,657
1296 1 1 10,661
1297 2 1 10,663 0,204
1298 1 1 10,664
1299 1 1 10,668
1300 1 1 10,671
1301 1 1 10,672
1302 1 1 10,674
1303 2 1 10,676 0,566
1304 1 1 10,677
1305 1 1 10,679
1306 1 1 10,684
1307 2 1 10,685 0,52
1308 2 1 10,690 0,139
1309 2 1 10,691 0,139
1310 1 1 10,706
1311 1 1 10,708
1312 1 1 10,715
1313 1 1 10,719
1314 2 1 10,720 0,215
1315 1 1 10,723
1316 1 1 10,724
1317 1 1 10,726
1318 1 1 10,728
1319 1 1 10,729
1320 1 1 10,730
1321 1 1 10,731
1322 1 1 10,734
1323 2 1 10,740 0,13
1324 3 1 10,746 0,104 0,10
1325 1 1 10,752
1326 1 1 10,759
1327 2 1 10,762 0,81
1328 1 1 10,764
1329 1 1 10,766
1330 1 1 10,769
1331 1 1 10,770
1332 1 1 10,772
1333 2 1 10,773 0,43
1334 1 1 10,774
1335 2 1 10,775 0,501
1336 1 1 10,778
1337 1 1 10,780
1338 1 1 10,781
1339 1 1 10,787
1340 1 1 10,788
1341 1 1 10,791
1342 1 1 10,792
1343 1 1 10,796
1344 2 1 10,797 0,44
1345 1 1 10,806
1346 2 1 10,808 0,6
1347 2 1 10,811 0,474
1348 1 1 10,813
1349 1 1 10,819
1350 3 1 10,820 0,29 0,290
1351 1 1 10,822
1352 1 1 10,824
1353 1 1 10,846
1354 1 1 10,852
1355 1 1 10,853
1356 1 1 10,856
1357 1 1 10,857
1358 1 1 10,876
1359 1 1 10,909
1360 1 1 10,914
1361 1 1 10,915
1362 1 1 10,916
1363 1 1 10,917
1364 1 1 10,921
1365 1 1 10,922
1366 1 1 10,927
1367 1 1 10,937
1368 1 1 10,938
1369 2 1 10,942 0,322
1370 1 1 10,944
1371 1 1 10,947
1372 1 1 10,949
1373 1 1 10,950
1374 1 1 10,951
1375 1 1 10,954
1376 1 1 10,955
1377 2 1 10,963 0,284
1378 1 1 10,969
1379 1 1 10,971
1380 2 1 10,974 0,314
1381 1 1 10,978
1382 1 1 10,979
1383 2 1 10,980 0,170
1384 1 1 10,981
1385 1 1 10,988
1386 1 1 10,998
1387 1 1 10,1020
1388 1 1 10,1022
1389 1 1 10,1025
1390 1 1 10,1026
1391 1 1 10,1027
1392 1 1 10,1029
1393 1 1 10,1030
1394 1 1 10,1032
1395 1 1 10,1033
1396 1 1 10,1034
1397 1 1 10,1035
1398 1 1 10,1038
1399 1 1 10,1039
1400 1 1 10,1041
1401 1 1 10,1042
1402 1 1 10,1043
1403 1 1 10,1045
1404 1 1 10,1046
1405 1 1 10,1047
1406 1 1 10,1050
1407 1 1 10,1053
1408 1 1 10,1055
1409 1 1 10,1056
1410 1 1 10,1057
1411 1 1 10,1059
1412 1 1 10,1060
1413 1 1 10,1064
1414 1 1 10,1066
1415 1 1 10,1067
1416 1 1 10,1068
1417 1 1 10,1069
1418 1 1 10,1070
1419 1 1 10,1072
1420 1 1 10,1076
1421 1 1 10,1077
1422 1 1 10,1078
1423 2 1 10,1081 0,215
1424 1 1 10,1085
1425 1 1 10,1086
1426 1 1 10,1091
1427 2 1 10,1092 0,4
1428 2 1 10,1095 0,39
1429 1 1 10,1097
1430 1 1 10,1098
1431 1 1 10,1099
1432 1 1 10,1100
1433 1 1 10,1101
1434 1 1 10,1107
1435 2 1 10,1108 0,13
1436 1 1 10,1109
1437 3 1 10,1114 0,14 0,122
1438 1 1 10,1116
1439 2 1 10,1117 0,318
1440 1 1 10,1119
1441 1 1 10,1123
1442 1 1 10,1124
1443 1 1 10,1126
1444 2 1 10,1131 0,5
1445 1 1 10,1132
1446 1 1 10,1135
1447 1 1 10,1143
1448 1 1 10,1144
1449 1 1 10,1145
1450 1 1 10,1146
1451 1 1 10,1148
1452 1 1 10,1154
1453 2 1 10,1156 0,5
1454 1 1 10,1157
1455 1 1 10,1158
1456 1 1 10,1159
1457 1 1 10,1160
1458 1 1 10,1162
1459 1 1 10,1163
1460 1 1 10,1164
1461 1 1 10,1165
1462 1 1 10,1166
1463 1 1 10,1167
1464 1 1 10,1168
1465 1 1 10,1169
1466 2 1 10,1170 0,104
1467 1 1 10,1171
1468 1 1 10,1172
1469 1 1 10,1173
1470 1 1 10,1174
1471 1 1 10,1175
1472 1 1 10,1176
1473 1 1 10,1177
1474 1 1 10,1178
1475 1 1 10,1179
1476 1 1 10,1180
1477 1 1 10,1181
1478 1 1 10,1182
1479 1 1 10,1183
1480 1 1 10,1184
1481 1 1 10,1185
1482 1 1 10,1186
1483 1 1 10,1187
1484 1 1 10,1188
1485 1 1 10,1189
1486 1 1 10,1190
1487 1 1 10,1191
1488 1 1 10,1192
1489 1 1 10,1193
1490 1 1 10,1194
1491 1 1 10,1195
1492 1 1 10,1196
1493 1 1 10,1197
1494 1 1 10,1198
1495 1 1 10,1199
1496 1 1 10,1200
1497 1 1 10,1201
1498 1 1 10,1202
1499 1 1 10,1203
1500 1 1 10,1204
1501 1 1 10,1205
1502 1 1 10,1206
1503 1 1 10,1207
1504 1 1 10,1208
1505 1 1 10,1209
1506 1 1 10,1210
1507 1 1 10,1211
1508 1 1 10,1213
1509 1 1 10,1221
1510 1 1 10,1222
1511 1 1 10,1223
1512 1 1 10,1225
1513 1 1 10,1227
1514 1 1 10,1229
1515 1 1 10,1231
1516 1 1 10,1241
1517 1 1 10,1244
1518 1 1 10,1246
1519 1 1 10,1248
1520 1 1 10,1249
1521 1 1 10,1252
1522 1 1 10,1256
1523 1 1 10,1260
1524 1 1 10,1263
1525 1 1 10,1269
1526 1 1 10,1270
1527 1 1 10,1272
1528 1 1 10,1273
1529 1 1 10,1277
1530 1 1 10,1278
1531 1 1 10,1279
1532 1 1 10,1280
1533 1 1 10,1281
1534 1 1 10,1282
1535 1 1 10,1291
1536 1 1 10,1298
1537 1 1 10,1299
1538 1 1 10,1300
1539 1 1 10,1305
1540 1 1 10,1307
1541 1 1 10,1310
1542 1 1 10,1313
1543 2 1 10,1318 0,17
1544 2 1 10,1319 0,17
1545 1 1 10,1320
1546 4 1 10,1322 0,26 0,18 0,17
1547 17 1 10,1323 0,3 0,7 0,7 0,7 0,2 0,3 0,4 0,5 0,6 0,3 0,2 0,3 0,3 0,4 0,2 0,3
1548 2 1 10,1324 0,56
1549 1 1 10,1331
1550 3 1 10,1343 0,34 0,8
1551 1 1 10,1351
1552 1 1 10,1354
1553 1 1 10,1364
1554 1 1 10,1390
1555 1 1 10,1393
1556 1 1 10,1394
1557 1 1 10,1395
1558 1 1 10,1398
1559 1 1 10,1399
1560 1 1 10,1400
1561 1 1 10,1402
1562 1 1 10,1403
1563 1 1 10,1404
1564 1 1 10,1406
1565 1 1 10,1407
1566 1 1 10,1409
1567 1 1 10,1411
1568 1 1 10,1413
1569 1 1 10,1414
1570 1 1 10,1415
1571 1 1 10,1416
1572 1 1 10,1418
1573 1 1 10,1419
1574 1 1 10,1420
1575 1 1 10,1421
1576 1 1 10,1422
1577 1 1 10,1423
1578 1 1 10,1424
1579 1 1 10,1426
1580 1 1 10,1427
1581 1 1 10,1429
1582 1 1 10,1430
1583 2 1 10,1434 0,3
1584 1 1 10,1439
1585 1 1 10,1441
